acids,helix,acid_num
SER,1.0,14
ASN,1.0,18
GLY,1.0,1
LEU,1.0,3
GLU,0.0,10
ASP,0.0,9
SER,0.0,14
SER,0.0,14
THR,0.0,15
ILE,0.0,2
SER,0.0,14
PHE,0.0,6
ILE,0.0,2
THR,0.0,15
TRP,0.0,7
ASN,0.0,18
ILE,0.0,2
ASP,0.0,9
GLY,0.0,1
LEU,0.0,3
ASP,1.0,9
GLY,1.0,1
CYS,1.0,16
ASN,1.0,18
LEU,1.0,3
PRO,1.0,4
GLU,1.0,10
ARG,1.0,11
ALA,1.0,0
ARG,1.0,11
GLY,1.0,1
VAL,1.0,5
CYS,1.0,16
SER,1.0,14
CYS,1.0,16
LEU,1.0,3
ALA,1.0,0
LEU,0.0,3
TYR,0.0,8
SER,0.0,14
PRO,0.0,4
ASP,0.0,9
VAL,0.0,5
VAL,0.0,5
PHE,0.0,6
LEU,0.0,3
GLN,1.0,19
GLU,1.0,10
VAL,1.0,5
ILE,1.0,2
PRO,1.0,4
PRO,1.0,4
TYR,1.0,8
CYS,1.0,16
ALA,1.0,0
TYR,1.0,8
LEU,1.0,3
LYS,1.0,13
LYS,0.0,13
ARG,0.0,11
ALA,0.0,0
ALA,0.0,0
SER,0.0,14
TYR,0.0,8
THR,0.0,15
ILE,0.0,2
ILE,0.0,2
THR,0.0,15
GLY,0.0,1
ASN,0.0,18
GLU,0.0,10
GLU,0.0,10
GLY,0.0,1
TYR,0.0,8
PHE,0.0,6
THR,0.0,15
ALA,0.0,0
ILE,0.0,2
LEU,0.0,3
LEU,0.0,3
LYS,0.0,13
LYS,0.0,13
GLY,0.0,1
ARG,0.0,11
VAL,0.0,5
LYS,0.0,13
PHE,0.0,6
LYS,0.0,13
SER,0.0,14
GLN,0.0,19
GLU,0.0,10
ILE,0.0,2
ILE,0.0,2
PRO,0.0,4
PHE,0.0,6
PRO,0.0,4
ASN,0.0,18
THR,0.0,15
LYS,0.0,13
MET,0.0,17
MET,0.0,17
ARG,0.0,11
ASN,0.0,18
LEU,0.0,3
LEU,0.0,3
CYS,0.0,16
VAL,0.0,5
ASN,0.0,18
VAL,0.0,5
SER,0.0,14
LEU,0.0,3
GLY,0.0,1
GLY,0.0,1
ASN,0.0,18
GLU,0.0,10
PHE,0.0,6
CYS,0.0,16
LEU,0.0,3
MET,0.0,17
THR,0.0,15
SER,0.0,14
HIS,0.0,12
LEU,1.0,3
GLU,1.0,10
SER,1.0,14
THR,1.0,15
ARG,1.0,11
GLU,1.0,10
HIS,1.0,12
SER,1.0,14
ALA,1.0,0
GLU,1.0,10
ARG,1.0,11
ILE,1.0,2
ARG,1.0,11
GLN,1.0,19
LEU,1.0,3
LYS,1.0,13
THR,1.0,15
VAL,1.0,5
LEU,1.0,3
GLY,1.0,1
LYS,1.0,13
MET,1.0,17
GLN,0.0,19
GLU,0.0,10
ALA,0.0,0
PRO,0.0,4
ASP,0.0,9
SER,0.0,14
THR,0.0,15
THR,0.0,15
VAL,0.0,5
ILE,0.0,2
PHE,0.0,6
ALA,0.0,0
GLY,0.0,1
ASP,0.0,9
THR,1.0,15
ASN,1.0,18
LEU,1.0,3
ARG,1.0,11
ASP,1.0,9
GLN,1.0,19
GLU,1.0,10
VAL,1.0,5
ILE,1.0,2
LYS,0.0,13
CYS,0.0,16
GLY,0.0,1
GLY,0.0,1
LEU,0.0,3
PRO,0.0,4
ASP,0.0,9
ASN,0.0,18
VAL,1.0,5
PHE,1.0,6
ASP,1.0,9
ALA,1.0,0
TRP,1.0,7
GLU,0.0,10
PHE,0.0,6
LEU,1.0,3
GLY,1.0,1
LYS,1.0,13
PRO,1.0,4
LYS,1.0,13
HIS,0.0,12
CYS,0.0,16
GLN,0.0,19
TYR,0.0,8
THR,0.0,15
TRP,0.0,7
ASP,0.0,9
THR,0.0,15
LYS,0.0,13
ALA,0.0,0
ASN,0.0,18
ASN,0.0,18
ASN,0.0,18
LEU,0.0,3
ARG,0.0,11
ILE,0.0,2
PRO,0.0,4
ALA,0.0,0
ALA,0.0,0
TYR,0.0,8
LYS,0.0,13
HIS,0.0,12
ARG,0.0,11
PHE,0.0,6
ASP,0.0,9
ARG,0.0,11
ILE,0.0,2
PHE,0.0,6
PHE,0.0,6
ARG,0.0,11
ALA,0.0,0
GLU,0.0,10
GLU,0.0,10
GLY,0.0,1
HIS,0.0,12
LEU,0.0,3
ILE,0.0,2
PRO,0.0,4
GLN,0.0,19
SER,0.0,14
LEU,0.0,3
ASP,0.0,9
LEU,0.0,3
VAL,0.0,5
GLY,0.0,1
LEU,0.0,3
GLU,0.0,10
LYS,0.0,13
LEU,0.0,3
ASP,0.0,9
CYS,0.0,16
GLY,0.0,1
ARG,0.0,11
PHE,0.0,6
PRO,0.0,4
SER,0.0,14
ASP,0.0,9
HIS,0.0,12
TRP,0.0,7
GLY,0.0,1
LEU,0.0,3
LEU,0.0,3
CYS,0.0,16
THR,0.0,15
LEU,0.0,3
ASN,0.0,18
VAL,0.0,5
VAL,0.0,5
LEU,0.0,3
