acids,helix,acid_num
VAL,0.0,5
GLY,0.0,1
SER,0.0,14
LEU,0.0,3
ASN,0.0,18
CYS,0.0,16
ILE,0.0,2
VAL,0.0,5
ALA,0.0,0
VAL,0.0,5
SER,0.0,14
GLN,0.0,19
ASN,0.0,18
MET,0.0,17
GLY,0.0,1
ILE,0.0,2
GLY,0.0,1
LYS,0.0,13
ASN,0.0,18
GLY,0.0,1
ASP,0.0,9
LEU,0.0,3
PRO,0.0,4
TRP,0.0,7
PRO,0.0,4
PRO,0.0,4
LEU,1.0,3
ARG,1.0,11
ASN,1.0,18
GLU,1.0,10
PHE,1.0,6
ARG,1.0,11
TYR,1.0,8
PHE,1.0,6
GLN,1.0,19
ARG,1.0,11
MET,1.0,17
THR,1.0,15
THR,1.0,15
THR,1.0,15
SER,0.0,14
SER,0.0,14
VAL,0.0,5
GLU,0.0,10
GLY,0.0,1
LYS,0.0,13
GLN,0.0,19
ASN,0.0,18
LEU,0.0,3
VAL,0.0,5
ILE,0.0,2
MET,0.0,17
GLY,0.0,1
LYS,1.0,13
LYS,1.0,13
THR,1.0,15
TRP,1.0,7
PHE,1.0,6
SER,1.0,14
ILE,1.0,2
PRO,1.0,4
GLU,1.0,10
LYS,1.0,13
ASN,1.0,18
ARG,1.0,11
PRO,0.0,4
LEU,0.0,3
LYS,0.0,13
GLY,0.0,1
ARG,0.0,11
ILE,0.0,2
ASN,0.0,18
LEU,0.0,3
VAL,0.0,5
LEU,0.0,3
SER,0.0,14
ARG,0.0,11
GLU,0.0,10
LEU,0.0,3
LYS,0.0,13
GLU,0.0,10
PRO,0.0,4
PRO,0.0,4
GLN,0.0,19
GLY,0.0,1
ALA,0.0,0
HIS,0.0,12
PHE,0.0,6
LEU,0.0,3
SER,0.0,14
ARG,0.0,11
SER,1.0,14
LEU,1.0,3
ASP,1.0,9
ASP,1.0,9
ALA,1.0,0
LEU,1.0,3
LYS,1.0,13
LEU,1.0,3
THR,1.0,15
GLU,1.0,10
GLN,1.0,19
PRO,0.0,4
GLU,0.0,10
LEU,0.0,3
ALA,0.0,0
ASN,0.0,18
LYS,0.0,13
VAL,0.0,5
ASP,0.0,9
MET,0.0,17
VAL,0.0,5
TRP,0.0,7
ILE,0.0,2
VAL,0.0,5
GLY,0.0,1
GLY,1.0,1
SER,1.0,14
SER,1.0,14
VAL,1.0,5
TYR,1.0,8
LYS,1.0,13
GLU,1.0,10
ALA,1.0,0
MET,1.0,17
ASN,1.0,18
HIS,0.0,12
PRO,0.0,4
GLY,0.0,1
HIS,0.0,12
LEU,0.0,3
LYS,0.0,13
LEU,0.0,3
PHE,0.0,6
VAL,0.0,5
THR,0.0,15
ARG,0.0,11
ILE,0.0,2
MET,0.0,17
GLN,0.0,19
ASP,0.0,9
PHE,0.0,6
GLU,0.0,10
SER,0.0,14
ASP,0.0,9
THR,0.0,15
PHE,0.0,6
PHE,0.0,6
PRO,0.0,4
GLU,0.0,10
ILE,0.0,2
ASP,0.0,9
LEU,0.0,3
GLU,0.0,10
LYS,0.0,13
TYR,0.0,8
LYS,0.0,13
LEU,0.0,3
LEU,0.0,3
PRO,0.0,4
GLU,0.0,10
TYR,0.0,8
PRO,0.0,4
GLY,0.0,1
VAL,0.0,5
LEU,0.0,3
SER,0.0,14
ASP,0.0,9
VAL,0.0,5
GLN,0.0,19
GLU,0.0,10
GLU,0.0,10
LYS,0.0,13
GLY,0.0,1
ILE,0.0,2
LYS,0.0,13
TYR,0.0,8
LYS,0.0,13
PHE,0.0,6
GLU,0.0,10
VAL,0.0,5
TYR,0.0,8
GLU,0.0,10
LYS,0.0,13
ASN,0.0,18
ASP,0.0,9
