acids,helix,acid_num
MET,0.0,17
ALA,0.0,0
GLU,0.0,10
LYS,0.0,13
PRO,0.0,4
LYS,0.0,13
LEU,0.0,3
HIS,0.0,12
TYR,0.0,8
PHE,0.0,6
ASN,0.0,18
ALA,0.0,0
ARG,0.0,11
GLY,0.0,1
ARG,0.0,11
MET,1.0,17
GLU,1.0,10
SER,1.0,14
THR,1.0,15
ARG,1.0,11
TRP,1.0,7
LEU,1.0,3
LEU,1.0,3
ALA,1.0,0
ALA,1.0,0
ALA,1.0,0
GLY,0.0,1
VAL,0.0,5
GLU,0.0,10
PHE,0.0,6
GLU,0.0,10
GLU,0.0,10
LYS,0.0,13
PHE,0.0,6
ILE,0.0,2
LYS,0.0,13
SER,1.0,14
ALA,1.0,0
GLU,1.0,10
ASP,1.0,9
LEU,1.0,3
ASP,1.0,9
LYS,1.0,13
LEU,1.0,3
ARG,1.0,11
ASN,1.0,18
ASP,1.0,9
GLY,0.0,1
TYR,0.0,8
LEU,0.0,3
MET,0.0,17
PHE,0.0,6
GLN,0.0,19
GLN,0.0,19
VAL,0.0,5
PRO,0.0,4
MET,0.0,17
VAL,0.0,5
GLU,0.0,10
ILE,0.0,2
ASP,0.0,9
GLY,0.0,1
MET,0.0,17
LYS,0.0,13
LEU,0.0,3
VAL,0.0,5
GLN,1.0,19
THR,1.0,15
ARG,1.0,11
ALA,1.0,0
VAL,1.0,5
LEU,1.0,3
ASN,1.0,18
TYR,1.0,8
ILE,1.0,2
ALA,1.0,0
SER,1.0,14
LYS,1.0,13
TYR,1.0,8
ASN,0.0,18
LEU,0.0,3
TYR,0.0,8
GLY,0.0,1
LYS,0.0,13
ASP,1.0,9
ILE,1.0,2
LYS,1.0,13
GLU,1.0,10
ARG,1.0,11
ALA,1.0,0
LEU,1.0,3
ILE,1.0,2
ASP,1.0,9
MET,1.0,17
TYR,1.0,8
ILE,1.0,2
GLU,1.0,10
GLY,1.0,1
ILE,1.0,2
ALA,1.0,0
ASP,1.0,9
LEU,1.0,3
GLY,1.0,1
GLU,1.0,10
MET,1.0,17
ILE,1.0,2
LEU,1.0,3
LEU,1.0,3
LEU,1.0,3
PRO,1.0,4
VAL,1.0,5
CYS,1.0,16
PRO,0.0,4
PRO,0.0,4
GLU,0.0,10
GLU,1.0,10
LYS,1.0,13
ASP,1.0,9
ALA,1.0,0
LYS,1.0,13
LEU,1.0,3
ALA,1.0,0
LEU,1.0,3
ILE,1.0,2
LYS,1.0,13
GLU,1.0,10
LYS,1.0,13
ILE,1.0,2
LYS,1.0,13
ASN,1.0,18
ARG,1.0,11
TYR,1.0,8
PHE,1.0,6
PRO,1.0,4
ALA,1.0,0
PHE,1.0,6
GLU,1.0,10
LYS,1.0,13
VAL,1.0,5
LEU,1.0,3
LYS,1.0,13
SER,1.0,14
HIS,1.0,12
GLY,1.0,1
GLN,0.0,19
ASP,0.0,9
TYR,0.0,8
LEU,0.0,3
VAL,0.0,5
GLY,0.0,1
ASN,0.0,18
LYS,0.0,13
LEU,0.0,3
SER,1.0,14
ARG,1.0,11
ALA,1.0,0
ASP,1.0,9
ILE,1.0,2
HIS,1.0,12
LEU,1.0,3
VAL,1.0,5
GLU,1.0,10
LEU,1.0,3
LEU,1.0,3
TYR,1.0,8
TYR,1.0,8
VAL,1.0,5
GLU,1.0,10
GLU,1.0,10
LEU,1.0,3
ASP,1.0,9
SER,0.0,14
SER,1.0,14
LEU,1.0,3
ILE,1.0,2
SER,1.0,14
SER,1.0,14
PHE,1.0,6
PRO,1.0,4
LEU,1.0,3
LEU,1.0,3
LYS,1.0,13
ALA,1.0,0
LEU,1.0,3
LYS,1.0,13
THR,1.0,15
ARG,1.0,11
ILE,1.0,2
SER,1.0,14
ASN,1.0,18
LEU,1.0,3
PRO,1.0,4
THR,1.0,15
VAL,1.0,5
LYS,1.0,13
LYS,1.0,13
PHE,1.0,6
LEU,1.0,3
GLN,1.0,19
PRO,0.0,4
GLY,0.0,1
SER,0.0,14
PRO,0.0,4
ARG,0.0,11
LYS,0.0,13
PRO,0.0,4
PRO,0.0,4
MET,0.0,17
ASP,1.0,9
GLU,1.0,10
LYS,1.0,13
SER,1.0,14
LEU,1.0,3
GLU,1.0,10
GLU,1.0,10
ALA,1.0,0
ARG,1.0,11
LYS,1.0,13
ILE,1.0,2
PHE,1.0,6
ARG,1.0,11
PHE,0.0,6
