acids,helix,acid_num
MET,0.0,17
GLY,0.0,1
SER,0.0,14
GLY,0.0,1
SER,0.0,14
SER,0.0,14
SER,0.0,14
TYR,0.0,8
ARG,0.0,11
PRO,0.0,4
LYS,0.0,13
ALA,0.0,0
ILE,0.0,2
TYR,0.0,8
LEU,0.0,3
ASP,0.0,9
ILE,0.0,2
ASP,0.0,9
GLY,0.0,1
ARG,0.0,11
ILE,0.0,2
GLN,0.0,19
LYS,0.0,13
VAL,0.0,5
ILE,0.0,2
PHE,0.0,6
SER,0.0,14
LYS,0.0,13
TYR,0.0,8
CYS,0.0,16
ASN,0.0,18
SER,0.0,14
SER,0.0,14
ASP,0.0,9
ILE,0.0,2
MET,0.0,17
ASP,0.0,9
LEU,0.0,3
PHE,0.0,6
CYS,0.0,16
ILE,0.0,2
ALA,0.0,0
THR,0.0,15
GLY,0.0,1
LEU,0.0,3
PRO,0.0,4
ARG,0.0,11
ASN,0.0,18
THR,0.0,15
THR,0.0,15
ILE,0.0,2
SER,0.0,14
LEU,0.0,3
LEU,0.0,3
THR,0.0,15
THR,0.0,15
ASP,0.0,9
ASP,0.0,9
ALA,0.0,0
MET,0.0,17
VAL,0.0,5
SER,0.0,14
ILE,0.0,2
ASP,0.0,9
PRO,0.0,4
THR,0.0,15
MET,0.0,17
PRO,0.0,4
ALA,0.0,0
ASN,0.0,18
SER,0.0,14
GLU,0.0,10
ARG,0.0,11
THR,0.0,15
PRO,0.0,4
TYR,0.0,8
LYS,0.0,13
VAL,0.0,5
ARG,0.0,11
PRO,0.0,4
VAL,0.0,5
ALA,0.0,0
ILE,0.0,2
LYS,0.0,13
GLN,0.0,19
LEU,0.0,3
SER,0.0,14
GLU,0.0,10
ARG,0.0,11
GLU,0.0,10
GLU,0.0,10
LEU,0.0,3
ILE,0.0,2
GLN,0.0,19
SER,0.0,14
VAL,0.0,5
LEU,0.0,3
ALA,0.0,0
GLN,0.0,19
VAL,0.0,5
ALA,0.0,0
GLU,0.0,10
GLN,0.0,19
PHE,0.0,6
SER,0.0,14
ARG,0.0,11
ALA,0.0,0
PHE,0.0,6
LYS,0.0,13
ILE,0.0,2
ASN,0.0,18
GLU,0.0,10
LEU,0.0,3
LYS,0.0,13
ALA,0.0,0
GLU,0.0,10
VAL,0.0,5
ALA,0.0,0
ASN,0.0,18
HIS,0.0,12
LEU,0.0,3
ALA,0.0,0
VAL,0.0,5
LEU,0.0,3
GLU,0.0,10
LYS,0.0,13
ARG,0.0,11
VAL,0.0,5
GLU,0.0,10
LEU,0.0,3
GLU,0.0,10
GLY,0.0,1
LEU,0.0,3
LYS,0.0,13
VAL,0.0,5
VAL,0.0,5
GLU,0.0,10
ILE,0.0,2
GLU,0.0,10
LYS,0.0,13
CYS,0.0,16
LYS,0.0,13
SER,0.0,14
ASP,0.0,9
ILE,0.0,2
LYS,0.0,13
LYS,0.0,13
MET,0.0,17
ARG,0.0,11
GLU,0.0,10
GLU,0.0,10
LEU,0.0,3
ALA,0.0,0
ALA,0.0,0
ARG,0.0,11
SER,0.0,14
SER,0.0,14
ARG,0.0,11
THR,0.0,15
ASN,0.0,18
CYS,0.0,16
PRO,0.0,4
CYS,0.0,16
LYS,0.0,13
TYR,0.0,8
SER,0.0,14
PHE,0.0,6
LEU,0.0,3
ASP,0.0,9
ASN,0.0,18
HIS,0.0,12
LYS,0.0,13
LYS,0.0,13
LEU,0.0,3
THR,0.0,15
PRO,0.0,4
ARG,0.0,11
ARG,0.0,11
ASP,0.0,9
VAL,0.0,5
PRO,0.0,4
THR,0.0,15
TYR,0.0,8
PRO,0.0,4
LYS,0.0,13
TYR,0.0,8
LEU,0.0,3
LEU,0.0,3
SER,1.0,14
PRO,1.0,4
GLU,1.0,10
THR,1.0,15
ILE,1.0,2
GLU,1.0,10
ALA,1.0,0
LEU,1.0,3
ARG,0.0,11
LYS,0.0,13
PRO,0.0,4
THR,0.0,15
PHE,0.0,6
ASP,0.0,9
VAL,0.0,5
TRP,0.0,7
LEU,0.0,3
TRP,0.0,7
GLU,1.0,10
PRO,1.0,4
ASN,1.0,18
GLU,1.0,10
MET,1.0,17
LEU,1.0,3
SER,1.0,14
CYS,1.0,16
LEU,1.0,3
GLU,1.0,10
HIS,1.0,12
MET,1.0,17
TYR,1.0,8
HIS,1.0,12
ASP,1.0,9
LEU,1.0,3
GLY,1.0,1
LEU,1.0,3
VAL,1.0,5
ARG,1.0,11
ASP,1.0,9
PHE,1.0,6
SER,0.0,14
ILE,0.0,2
ASN,1.0,18
PRO,1.0,4
VAL,1.0,5
THR,1.0,15
LEU,1.0,3
ARG,1.0,11
ARG,1.0,11
TRP,1.0,7
LEU,1.0,3
PHE,1.0,6
CYS,1.0,16
VAL,1.0,5
HIS,1.0,12
ASP,1.0,9
ASN,1.0,18
TYR,0.0,8
ARG,0.0,11
ASN,0.0,18
ASN,0.0,18
PRO,0.0,4
PHE,0.0,6
HIS,0.0,12
ASN,1.0,18
PHE,1.0,6
ARG,1.0,11
HIS,1.0,12
CYS,1.0,16
PHE,1.0,6
CYS,1.0,16
VAL,1.0,5
ALA,1.0,0
GLN,1.0,19
MET,1.0,17
MET,1.0,17
TYR,1.0,8
SER,1.0,14
MET,1.0,17
VAL,1.0,5
TRP,1.0,7
LEU,1.0,3
CYS,1.0,16
SER,1.0,14
LEU,1.0,3
GLN,1.0,19
GLU,1.0,10
LYS,1.0,13
PHE,0.0,6
SER,1.0,14
GLN,1.0,19
THR,1.0,15
ASP,1.0,9
ILE,1.0,2
LEU,1.0,3
ILE,1.0,2
LEU,1.0,3
MET,1.0,17
THR,1.0,15
ALA,1.0,0
ALA,1.0,0
ILE,1.0,2
CYS,1.0,16
HIS,1.0,12
ASP,0.0,9
LEU,0.0,3
ASP,0.0,9
HIS,0.0,12
PRO,0.0,4
GLY,0.0,1
TYR,0.0,8
ASN,1.0,18
ASN,1.0,18
THR,1.0,15
TYR,1.0,8
GLN,1.0,19
ILE,1.0,2
ASN,1.0,18
ALA,1.0,0
ARG,0.0,11
THR,1.0,15
GLU,1.0,10
LEU,1.0,3
ALA,1.0,0
VAL,1.0,5
ARG,1.0,11
TYR,1.0,8
ASN,0.0,18
ASP,0.0,9
ILE,0.0,2
SER,1.0,14
PRO,1.0,4
LEU,1.0,3
GLU,1.0,10
ASN,1.0,18
HIS,1.0,12
HIS,1.0,12
CYS,1.0,16
ALA,1.0,0
VAL,1.0,5
ALA,1.0,0
PHE,1.0,6
GLN,1.0,19
ILE,1.0,2
LEU,1.0,3
ALA,1.0,0
GLU,1.0,10
PRO,1.0,4
GLU,1.0,10
CYS,1.0,16
ASN,1.0,18
ILE,0.0,2
PHE,0.0,6
SER,0.0,14
ASN,0.0,18
ILE,0.0,2
PRO,1.0,4
PRO,1.0,4
ASP,1.0,9
GLY,1.0,1
PHE,1.0,6
LYS,1.0,13
GLN,1.0,19
ILE,1.0,2
ARG,1.0,11
GLN,1.0,19
GLY,1.0,1
MET,1.0,17
ILE,1.0,2
THR,1.0,15
LEU,1.0,3
ILE,1.0,2
LEU,1.0,3
ALA,1.0,0
THR,1.0,15
ASP,1.0,9
MET,1.0,17
ALA,1.0,0
ARG,1.0,11
HIS,1.0,12
ALA,1.0,0
GLU,1.0,10
ILE,1.0,2
MET,1.0,17
ASP,1.0,9
SER,1.0,14
PHE,1.0,6
LYS,1.0,13
GLU,1.0,10
LYS,1.0,13
MET,1.0,17
GLU,0.0,10
ASN,0.0,18
PHE,0.0,6
ASP,0.0,9
TYR,0.0,8
SER,0.0,14
ASN,1.0,18
GLU,1.0,10
GLU,1.0,10
HIS,1.0,12
MET,1.0,17
THR,1.0,15
LEU,1.0,3
LEU,1.0,3
LYS,1.0,13
MET,1.0,17
ILE,1.0,2
LEU,1.0,3
ILE,1.0,2
LYS,1.0,13
CYS,1.0,16
CYS,1.0,16
ASP,1.0,9
ILE,1.0,2
SER,1.0,14
ASN,1.0,18
GLU,1.0,10
VAL,1.0,5
ARG,1.0,11
PRO,1.0,4
MET,1.0,17
GLU,1.0,10
VAL,1.0,5
ALA,1.0,0
GLU,1.0,10
PRO,1.0,4
TRP,1.0,7
VAL,1.0,5
ASP,1.0,9
CYS,1.0,16
LEU,1.0,3
LEU,1.0,3
GLU,1.0,10
GLU,1.0,10
TYR,1.0,8
PHE,1.0,6
MET,1.0,17
GLN,1.0,19
SER,1.0,14
ASP,1.0,9
ARG,1.0,11
GLU,1.0,10
LYS,1.0,13
SER,1.0,14
GLU,0.0,10
GLY,0.0,1
LEU,0.0,3
PRO,0.0,4
VAL,0.0,5
ALA,1.0,0
PRO,1.0,4
PHE,1.0,6
MET,1.0,17
ASP,1.0,9
ARG,0.0,11
ASP,0.0,9
LYS,0.0,13
VAL,0.0,5
THR,1.0,15
LYS,1.0,13
ALA,1.0,0
THR,1.0,15
ALA,1.0,0
GLN,1.0,19
ILE,1.0,2
GLY,1.0,1
PHE,1.0,6
ILE,1.0,2
LYS,1.0,13
PHE,1.0,6
VAL,1.0,5
LEU,1.0,3
ILE,1.0,2
PRO,1.0,4
MET,1.0,17
PHE,1.0,6
GLU,1.0,10
THR,1.0,15
VAL,1.0,5
THR,1.0,15
LYS,1.0,13
LEU,1.0,3
PHE,1.0,6
PRO,0.0,4
MET,1.0,17
VAL,1.0,5
GLU,1.0,10
GLU,1.0,10
ILE,1.0,2
MET,1.0,17
LEU,1.0,3
GLN,1.0,19
PRO,1.0,4
LEU,1.0,3
TRP,1.0,7
GLU,1.0,10
SER,1.0,14
ARG,1.0,11
ASP,1.0,9
ARG,1.0,11
TYR,1.0,8
GLU,1.0,10
GLU,1.0,10
LEU,1.0,3
LYS,1.0,13
ARG,1.0,11
ILE,1.0,2
ASP,1.0,9
ASP,1.0,9
ALA,1.0,0
MET,1.0,17
LYS,1.0,13
GLU,1.0,10
LEU,1.0,3
GLN,0.0,19
LYS,0.0,13
LYS,0.0,13
THR,0.0,15
ASP,0.0,9
SER,0.0,14
LEU,0.0,3
THR,0.0,15
SER,0.0,14
GLY,0.0,1
ALA,0.0,0
THR,0.0,15
GLU,0.0,10
LYS,0.0,13
SER,0.0,14
ARG,0.0,11
GLU,0.0,10
ARG,0.0,11
SER,0.0,14
ARG,0.0,11
ASP,0.0,9
VAL,0.0,5
LYS,0.0,13
ASN,0.0,18
SER,0.0,14
GLU,0.0,10
GLY,0.0,1
ASP,0.0,9
CYS,0.0,16
ALA,0.0,0
