acids,helix,acid_num
MET,0.0,17
GLU,0.0,10
ARG,0.0,11
PRO,0.0,4
GLU,1.0,10
SER,1.0,14
GLU,1.0,10
LEU,1.0,3
ILE,1.0,2
ARG,1.0,11
GLN,1.0,19
SER,1.0,14
TRP,1.0,7
ARG,1.0,11
VAL,1.0,5
VAL,1.0,5
SER,1.0,14
ARG,1.0,11
SER,1.0,14
PRO,1.0,4
LEU,1.0,3
GLU,1.0,10
HIS,1.0,12
GLY,1.0,1
THR,1.0,15
VAL,1.0,5
LEU,1.0,3
PHE,1.0,6
ALA,1.0,0
ARG,1.0,11
LEU,1.0,3
PHE,1.0,6
ALA,1.0,0
LEU,1.0,3
GLU,1.0,10
PRO,1.0,4
SER,1.0,14
LEU,1.0,3
LEU,1.0,3
PRO,1.0,4
LEU,1.0,3
PHE,1.0,6
GLN,0.0,19
TYR,0.0,8
ASN,0.0,18
GLY,0.0,1
ARG,0.0,11
GLN,0.0,19
PHE,0.0,6
SER,0.0,14
SER,1.0,14
PRO,1.0,4
GLU,1.0,10
ASP,1.0,9
SER,1.0,14
LEU,1.0,3
SER,0.0,14
SER,1.0,14
PRO,1.0,4
GLU,1.0,10
PHE,1.0,6
LEU,1.0,3
ASP,1.0,9
HIS,1.0,12
ILE,1.0,2
ARG,1.0,11
LYS,1.0,13
VAL,1.0,5
MET,1.0,17
LEU,1.0,3
VAL,1.0,5
ILE,1.0,2
ASP,1.0,9
ALA,1.0,0
ALA,1.0,0
VAL,1.0,5
THR,1.0,15
ASN,1.0,18
VAL,0.0,5
GLU,0.0,10
ASP,0.0,9
LEU,0.0,3
SER,0.0,14
SER,0.0,14
LEU,1.0,3
GLU,1.0,10
GLU,1.0,10
TYR,1.0,8
LEU,1.0,3
THR,1.0,15
SER,1.0,14
LEU,1.0,3
GLY,1.0,1
ARG,1.0,11
LYS,1.0,13
HIS,1.0,12
ARG,1.0,11
ALA,1.0,0
VAL,1.0,5
GLY,1.0,1
VAL,0.0,5
ARG,0.0,11
LEU,0.0,3
SER,1.0,14
SER,1.0,14
PHE,1.0,6
SER,1.0,14
THR,1.0,15
VAL,1.0,5
GLY,1.0,1
GLU,1.0,10
SER,1.0,14
LEU,1.0,3
LEU,1.0,3
TYR,1.0,8
MET,1.0,17
LEU,1.0,3
GLU,1.0,10
LYS,1.0,13
SER,1.0,14
LEU,1.0,3
GLY,1.0,1
PRO,1.0,4
ASP,1.0,9
PHE,1.0,6
THR,1.0,15
PRO,1.0,4
ALA,1.0,0
THR,1.0,15
ARG,1.0,11
THR,1.0,15
ALA,1.0,0
TRP,1.0,7
SER,1.0,14
ARG,1.0,11
LEU,1.0,3
TYR,1.0,8
GLY,1.0,1
ALA,1.0,0
VAL,1.0,5
VAL,1.0,5
GLN,1.0,19
ALA,1.0,0
MET,1.0,17
SER,1.0,14
ARG,1.0,11
GLY,1.0,1
TRP,1.0,7
ASP,1.0,9
GLY,0.0,1
GLU,0.0,10
