acids,helix,acid_num
ALA,0.0,0
SER,0.0,14
ARG,0.0,11
LEU,0.0,3
LEU,0.0,3
LEU,0.0,3
ASN,0.0,18
ASN,0.0,18
GLY,0.0,1
ALA,0.0,0
LYS,0.0,13
MET,0.0,17
PRO,0.0,4
ILE,0.0,2
LEU,0.0,3
GLY,0.0,1
LEU,0.0,3
GLY,0.0,1
THR,0.0,15
TRP,0.0,7
LYS,0.0,13
SER,0.0,14
PRO,0.0,4
PRO,0.0,4
GLY,0.0,1
GLN,1.0,19
VAL,1.0,5
THR,1.0,15
GLU,1.0,10
ALA,1.0,0
VAL,1.0,5
LYS,1.0,13
VAL,1.0,5
ALA,1.0,0
ILE,1.0,2
ASP,1.0,9
VAL,1.0,5
GLY,0.0,1
TYR,0.0,8
ARG,0.0,11
HIS,0.0,12
ILE,0.0,2
ASP,0.0,9
CYS,0.0,16
ALA,0.0,0
HIS,0.0,12
VAL,0.0,5
TYR,0.0,8
GLN,0.0,19
ASN,0.0,18
GLU,1.0,10
ASN,1.0,18
GLU,1.0,10
VAL,1.0,5
GLY,1.0,1
VAL,1.0,5
ALA,1.0,0
ILE,1.0,2
GLN,1.0,19
GLU,1.0,10
LYS,1.0,13
LEU,1.0,3
ARG,1.0,11
GLU,1.0,10
GLN,0.0,19
VAL,0.0,5
VAL,0.0,5
LYS,0.0,13
ARG,0.0,11
GLU,0.0,10
GLU,0.0,10
LEU,0.0,3
PHE,0.0,6
ILE,0.0,2
VAL,0.0,5
SER,0.0,14
LYS,0.0,13
LEU,0.0,3
TRP,0.0,7
CYS,0.0,16
THR,0.0,15
TYR,0.0,8
HIS,0.0,12
GLU,0.0,10
LYS,1.0,13
GLY,1.0,1
LEU,1.0,3
VAL,1.0,5
LYS,1.0,13
GLY,1.0,1
ALA,1.0,0
CYS,1.0,16
GLN,1.0,19
LYS,1.0,13
THR,1.0,15
LEU,1.0,3
SER,1.0,14
ASP,1.0,9
LEU,1.0,3
LYS,0.0,13
LEU,0.0,3
ASP,0.0,9
TYR,0.0,8
LEU,0.0,3
ASP,0.0,9
LEU,0.0,3
TYR,0.0,8
LEU,0.0,3
ILE,0.0,2
HIS,0.0,12
TRP,0.0,7
PRO,0.0,4
THR,0.0,15
GLY,0.0,1
PHE,0.0,6
LYS,0.0,13
PRO,0.0,4
GLY,0.0,1
LYS,0.0,13
GLU,0.0,10
PHE,0.0,6
PHE,0.0,6
PRO,0.0,4
LEU,0.0,3
ASP,0.0,9
GLU,0.0,10
SER,0.0,14
GLY,0.0,1
ASN,0.0,18
VAL,0.0,5
VAL,0.0,5
PRO,0.0,4
SER,0.0,14
ASP,0.0,9
THR,0.0,15
ASN,0.0,18
ILE,1.0,2
LEU,1.0,3
ASP,1.0,9
THR,1.0,15
TRP,1.0,7
ALA,1.0,0
ALA,1.0,0
MET,1.0,17
GLU,1.0,10
GLU,1.0,10
LEU,1.0,3
VAL,1.0,5
ASP,1.0,9
GLU,1.0,10
GLY,0.0,1
LEU,0.0,3
VAL,0.0,5
LYS,0.0,13
ALA,0.0,0
ILE,0.0,2
GLY,0.0,1
ILE,0.0,2
SER,0.0,14
ASN,0.0,18
PHE,0.0,6
ASN,0.0,18
HIS,1.0,12
LEU,1.0,3
GLN,1.0,19
VAL,1.0,5
GLU,1.0,10
MET,1.0,17
ILE,1.0,2
LEU,1.0,3
ASN,1.0,18
LYS,0.0,13
PRO,0.0,4
GLY,0.0,1
LEU,0.0,3
LYS,0.0,13
TYR,0.0,8
LYS,0.0,13
PRO,0.0,4
ALA,0.0,0
VAL,0.0,5
ASN,0.0,18
GLN,0.0,19
ILE,0.0,2
GLU,0.0,10
CYS,0.0,16
HIS,0.0,12
PRO,0.0,4
TYR,0.0,8
LEU,0.0,3
THR,0.0,15
GLN,0.0,19
GLU,1.0,10
LYS,1.0,13
LEU,1.0,3
ILE,1.0,2
GLN,1.0,19
TYR,1.0,8
CYS,1.0,16
GLN,1.0,19
SER,1.0,14
LYS,0.0,13
GLY,0.0,1
ILE,0.0,2
VAL,0.0,5
VAL,0.0,5
THR,0.0,15
ALA,0.0,0
TYR,0.0,8
SER,0.0,14
PRO,0.0,4
LEU,0.0,3
GLY,0.0,1
SER,0.0,14
PRO,0.0,4
ASP,0.0,9
ARG,0.0,11
PRO,0.0,4
TRP,0.0,7
ALA,0.0,0
LYS,0.0,13
PRO,0.0,4
GLU,0.0,10
ASP,0.0,9
PRO,0.0,4
SER,0.0,14
LEU,0.0,3
LEU,0.0,3
GLU,0.0,10
ASP,0.0,9
PRO,0.0,4
ARG,0.0,11
ILE,0.0,2
LYS,0.0,13
ALA,0.0,0
ILE,0.0,2
ALA,0.0,0
ALA,0.0,0
LYS,0.0,13
HIS,0.0,12
ASN,0.0,18
LYS,0.0,13
THR,0.0,15
THR,1.0,15
ALA,1.0,0
GLN,1.0,19
VAL,1.0,5
LEU,1.0,3
ILE,1.0,2
ARG,1.0,11
PHE,1.0,6
PRO,1.0,4
MET,1.0,17
GLN,1.0,19
ARG,1.0,11
ASN,0.0,18
LEU,0.0,3
VAL,0.0,5
VAL,0.0,5
ILE,0.0,2
PRO,0.0,4
LYS,0.0,13
SER,0.0,14
VAL,0.0,5
THR,0.0,15
PRO,1.0,4
GLU,1.0,10
ARG,1.0,11
ILE,1.0,2
ALA,1.0,0
GLU,1.0,10
ASN,1.0,18
PHE,1.0,6
LYS,0.0,13
VAL,0.0,5
PHE,0.0,6
ASP,0.0,9
PHE,0.0,6
GLU,0.0,10
LEU,0.0,3
SER,0.0,14
SER,1.0,14
GLN,1.0,19
ASP,1.0,9
MET,1.0,17
THR,1.0,15
THR,1.0,15
LEU,1.0,3
LEU,1.0,3
SER,1.0,14
TYR,0.0,8
ASN,0.0,18
ARG,0.0,11
ASN,0.0,18
TRP,0.0,7
ARG,0.0,11
VAL,0.0,5
SER,0.0,14
ALA,0.0,0
LEU,0.0,3
LEU,0.0,3
SER,0.0,14
CYS,0.0,16
THR,0.0,15
SER,0.0,14
HIS,0.0,12
LYS,0.0,13
ASP,0.0,9
TYR,0.0,8
PRO,0.0,4
PHE,0.0,6
HIS,0.0,12
GLU,0.0,10
GLU,0.0,10
PHE,0.0,6
