acids,helix,acid_num
SER,0.0,14
ASP,0.0,9
GLY,0.0,1
ASP,0.0,9
GLN,0.0,19
CYS,0.0,16
ALA,0.0,0
SER,0.0,14
SER,0.0,14
PRO,0.0,4
CYS,0.0,16
GLN,0.0,19
ASN,0.0,18
GLY,0.0,1
GLY,0.0,1
SER,0.0,14
CYS,0.0,16
LYS,0.0,13
ASP,0.0,9
GLN,0.0,19
LEU,0.0,3
GLN,0.0,19
SER,0.0,14
TYR,0.0,8
ILE,0.0,2
CYS,0.0,16
PHE,0.0,6
CYS,0.0,16
LEU,0.0,3
PRO,0.0,4
ALA,0.0,0
PHE,0.0,6
GLU,0.0,10
GLY,0.0,1
ARG,0.0,11
ASN,0.0,18
CYS,0.0,16
GLU,0.0,10
THR,0.0,15
HIS,0.0,12
LYS,0.0,13
ASP,0.0,9
ASP,0.0,9
GLY,0.0,1
SER,0.0,14
ALA,0.0,0
