acids,helix,acid_num
MET,0.0,17
ARG,0.0,11
VAL,0.0,5
VAL,0.0,5
VAL,0.0,5
ILE,0.0,2
GLY,0.0,1
ALA,0.0,0
GLY,1.0,1
VAL,1.0,5
ILE,1.0,2
GLY,1.0,1
LEU,1.0,3
SER,1.0,14
THR,1.0,15
ALA,1.0,0
LEU,1.0,3
CYS,1.0,16
ILE,1.0,2
HIS,1.0,12
GLU,1.0,10
ARG,1.0,11
TYR,1.0,8
HIS,1.0,12
SER,0.0,14
VAL,0.0,5
LEU,0.0,3
GLN,0.0,19
PRO,0.0,4
LEU,0.0,3
ASP,0.0,9
ILE,0.0,2
LYS,0.0,13
VAL,0.0,5
TYR,0.0,8
ALA,0.0,0
ASP,0.0,9
ARG,0.0,11
PHE,0.0,6
THR,0.0,15
PRO,0.0,4
LEU,0.0,3
THR,1.0,15
THR,1.0,15
THR,1.0,15
ASP,1.0,9
VAL,1.0,5
ALA,1.0,0
ALA,0.0,0
GLY,0.0,1
LEU,0.0,3
TRP,0.0,7
GLN,0.0,19
PRO,0.0,4
TYR,0.0,8
LEU,0.0,3
SER,0.0,14
ASP,0.0,9
PRO,0.0,4
ASN,0.0,18
ASN,0.0,18
PRO,1.0,4
GLN,1.0,19
GLU,1.0,10
ALA,1.0,0
ASP,1.0,9
TRP,1.0,7
SER,1.0,14
GLN,1.0,19
GLN,1.0,19
THR,1.0,15
PHE,1.0,6
ASP,1.0,9
TYR,1.0,8
LEU,1.0,3
LEU,1.0,3
SER,1.0,14
HIS,0.0,12
VAL,0.0,5
HIS,0.0,12
SER,0.0,14
PRO,0.0,4
ASN,1.0,18
ALA,1.0,0
GLU,1.0,10
ASN,1.0,18
LEU,1.0,3
GLY,1.0,1
LEU,0.0,3
PHE,0.0,6
LEU,0.0,3
ILE,0.0,2
SER,0.0,14
GLY,0.0,1
TYR,0.0,8
ASN,0.0,18
LEU,0.0,3
PHE,0.0,6
HIS,0.0,12
GLU,0.0,10
ALA,0.0,0
ILE,0.0,2
PRO,0.0,4
ASP,0.0,9
PRO,1.0,4
SER,1.0,14
TRP,1.0,7
LYS,1.0,13
ASP,1.0,9
THR,1.0,15
VAL,0.0,5
LEU,0.0,3
GLY,0.0,1
PHE,0.0,6
ARG,0.0,11
LYS,0.0,13
LEU,0.0,3
THR,1.0,15
PRO,1.0,4
ARG,1.0,11
GLU,1.0,10
LEU,1.0,3
ASP,1.0,9
MET,1.0,17
PHE,0.0,6
PRO,0.0,4
ASP,0.0,9
TYR,0.0,8
GLY,0.0,1
TYR,0.0,8
GLY,0.0,1
TRP,0.0,7
PHE,0.0,6
HIS,0.0,12
THR,0.0,15
SER,0.0,14
LEU,0.0,3
ILE,0.0,2
LEU,0.0,3
GLU,1.0,10
GLY,1.0,1
LYS,1.0,13
ASN,1.0,18
TYR,1.0,8
LEU,1.0,3
GLN,1.0,19
TRP,1.0,7
LEU,1.0,3
THR,1.0,15
GLU,1.0,10
ARG,1.0,11
LEU,1.0,3
THR,1.0,15
GLU,1.0,10
ARG,1.0,11
GLY,0.0,1
VAL,0.0,5
LYS,0.0,13
PHE,0.0,6
PHE,0.0,6
GLN,0.0,19
ARG,0.0,11
LYS,0.0,13
VAL,0.0,5
GLU,0.0,10
SER,1.0,14
PHE,1.0,6
GLU,1.0,10
GLU,1.0,10
VAL,1.0,5
ALA,1.0,0
ARG,1.0,11
GLU,1.0,10
GLY,0.0,1
ALA,0.0,0
ASP,0.0,9
VAL,0.0,5
ILE,0.0,2
VAL,0.0,5
ASN,0.0,18
CYS,0.0,16
THR,1.0,15
GLY,1.0,1
VAL,1.0,5
TRP,1.0,7
ALA,1.0,0
GLY,1.0,1
ALA,1.0,0
LEU,1.0,3
GLN,0.0,19
ARG,0.0,11
ASP,0.0,9
PRO,0.0,4
LEU,0.0,3
LEU,0.0,3
GLN,0.0,19
PRO,0.0,4
GLY,0.0,1
ARG,0.0,11
GLY,0.0,1
GLN,0.0,19
ILE,0.0,2
MET,0.0,17
LYS,0.0,13
VAL,0.0,5
ASP,0.0,9
ALA,0.0,0
PRO,0.0,4
TRP,0.0,7
MET,0.0,17
LYS,0.0,13
HIS,0.0,12
PHE,0.0,6
ILE,0.0,2
LEU,0.0,3
THR,0.0,15
HIS,0.0,12
ASP,0.0,9
PRO,0.0,4
GLU,0.0,10
ARG,0.0,11
GLY,0.0,1
ILE,0.0,2
TYR,0.0,8
ASN,0.0,18
SER,0.0,14
PRO,0.0,4
TYR,0.0,8
ILE,0.0,2
ILE,0.0,2
PRO,0.0,4
GLY,0.0,1
THR,0.0,15
GLN,0.0,19
THR,0.0,15
VAL,0.0,5
THR,0.0,15
LEU,0.0,3
GLY,0.0,1
GLY,0.0,1
ILE,0.0,2
PHE,0.0,6
GLN,0.0,19
LEU,0.0,3
GLY,0.0,1
ASN,0.0,18
TRP,0.0,7
SER,0.0,14
GLU,0.0,10
LEU,0.0,3
ASN,0.0,18
ASN,1.0,18
ILE,1.0,2
GLN,1.0,19
ASP,1.0,9
HIS,1.0,12
ASN,1.0,18
THR,1.0,15
ILE,1.0,2
TRP,1.0,7
GLU,1.0,10
GLY,1.0,1
CYS,1.0,16
CYS,1.0,16
ARG,1.0,11
LEU,1.0,3
GLU,1.0,10
PRO,1.0,4
THR,1.0,15
LEU,1.0,3
LYS,1.0,13
ASN,1.0,18
ALA,1.0,0
ARG,0.0,11
ILE,0.0,2
ILE,0.0,2
GLY,0.0,1
GLU,0.0,10
ARG,0.0,11
THR,0.0,15
GLY,0.0,1
PHE,0.0,6
ARG,0.0,11
PRO,0.0,4
VAL,0.0,5
ARG,0.0,11
PRO,0.0,4
GLN,0.0,19
ILE,0.0,2
ARG,0.0,11
LEU,0.0,3
GLU,0.0,10
ARG,0.0,11
GLU,0.0,10
GLN,0.0,19
LEU,0.0,3
ARG,0.0,11
THR,0.0,15
GLY,0.0,1
PRO,0.0,4
SER,0.0,14
ASN,0.0,18
THR,0.0,15
GLU,0.0,10
VAL,0.0,5
ILE,0.0,2
HIS,0.0,12
ASN,0.0,18
TYR,0.0,8
GLY,0.0,1
HIS,1.0,12
GLY,1.0,1
GLY,1.0,1
TYR,1.0,8
GLY,1.0,1
LEU,1.0,3
THR,1.0,15
ILE,1.0,2
HIS,1.0,12
TRP,1.0,7
GLY,1.0,1
CYS,1.0,16
ALA,1.0,0
LEU,1.0,3
GLU,1.0,10
ALA,1.0,0
ALA,1.0,0
LYS,1.0,13
LEU,1.0,3
PHE,1.0,6
GLY,1.0,1
ARG,1.0,11
ILE,1.0,2
LEU,1.0,3
GLU,1.0,10
GLU,1.0,10
LYS,1.0,13
LYS,0.0,13
LEU,0.0,3
SER,0.0,14
ARG,0.0,11
MET,0.0,17
PRO,0.0,4
PRO,0.0,4
SER,0.0,14
HIS,0.0,12
LEU,0.0,3
