acids,helix,acid_num
MET,0.0,17
PRO,0.0,4
ILE,0.0,2
MET,0.0,17
GLY,0.0,1
SER,1.0,14
SER,1.0,14
VAL,1.0,5
TYR,1.0,8
ILE,1.0,2
THR,1.0,15
VAL,1.0,5
GLU,1.0,10
LEU,1.0,3
ALA,1.0,0
ILE,1.0,2
ALA,1.0,0
VAL,1.0,5
LEU,1.0,3
ALA,1.0,0
ILE,1.0,2
LEU,1.0,3
GLY,1.0,1
ASN,1.0,18
VAL,1.0,5
LEU,1.0,3
VAL,1.0,5
CYS,1.0,16
TRP,1.0,7
ALA,1.0,0
VAL,1.0,5
TRP,1.0,7
LEU,1.0,3
ASN,1.0,18
SER,1.0,14
ASN,1.0,18
LEU,1.0,3
GLN,1.0,19
ASN,1.0,18
VAL,1.0,5
THR,1.0,15
ASN,1.0,18
TYR,1.0,8
PHE,1.0,6
VAL,1.0,5
VAL,1.0,5
SER,1.0,14
ALA,1.0,0
ALA,1.0,0
ALA,1.0,0
ALA,1.0,0
ASP,1.0,9
ILE,1.0,2
LEU,1.0,3
VAL,1.0,5
GLY,1.0,1
VAL,1.0,5
LEU,1.0,3
ALA,1.0,0
ILE,1.0,2
PRO,1.0,4
PHE,1.0,6
ALA,1.0,0
ILE,1.0,2
ALA,1.0,0
ILE,1.0,2
SER,0.0,14
THR,0.0,15
GLY,0.0,1
PHE,0.0,6
CYS,0.0,16
ALA,0.0,0
ALA,1.0,0
CYS,1.0,16
HIS,1.0,12
GLY,1.0,1
CYS,1.0,16
LEU,1.0,3
PHE,1.0,6
ILE,1.0,2
ALA,1.0,0
CYS,1.0,16
PHE,1.0,6
VAL,1.0,5
LEU,1.0,3
VAL,1.0,5
LEU,1.0,3
THR,1.0,15
ALA,1.0,0
SER,1.0,14
SER,1.0,14
ILE,1.0,2
PHE,1.0,6
SER,1.0,14
LEU,1.0,3
LEU,1.0,3
ALA,1.0,0
ILE,1.0,2
ALA,1.0,0
ILE,1.0,2
ASP,1.0,9
ARG,1.0,11
TYR,1.0,8
ILE,1.0,2
ALA,1.0,0
ILE,1.0,2
ARG,1.0,11
ILE,1.0,2
PRO,0.0,4
LEU,0.0,3
ARG,1.0,11
TYR,1.0,8
ASN,1.0,18
GLY,1.0,1
LEU,1.0,3
VAL,1.0,5
THR,1.0,15
GLY,1.0,1
THR,1.0,15
ARG,1.0,11
ALA,1.0,0
LYS,1.0,13
GLY,1.0,1
ILE,1.0,2
ILE,1.0,2
ALA,1.0,0
ILE,1.0,2
CYS,1.0,16
TRP,1.0,7
VAL,1.0,5
LEU,1.0,3
SER,1.0,14
PHE,1.0,6
ALA,1.0,0
ILE,1.0,2
GLY,1.0,1
LEU,1.0,3
THR,1.0,15
PRO,1.0,4
MET,1.0,17
LEU,1.0,3
GLY,1.0,1
TRP,0.0,7
ASN,1.0,18
ASN,1.0,18
CYS,1.0,16
GLY,1.0,1
GLN,1.0,19
PRO,0.0,4
LYS,1.0,13
GLU,1.0,10
GLY,1.0,1
LYS,1.0,13
ALA,1.0,0
HIS,1.0,12
SER,1.0,14
GLN,1.0,19
GLY,0.0,1
CYS,0.0,16
GLY,0.0,1
GLU,0.0,10
GLY,0.0,1
GLN,0.0,19
VAL,0.0,5
ALA,0.0,0
CYS,0.0,16
LEU,1.0,3
PHE,1.0,6
GLU,1.0,10
ASP,1.0,9
VAL,1.0,5
VAL,1.0,5
PRO,1.0,4
MET,1.0,17
ASN,1.0,18
TYR,1.0,8
MET,1.0,17
VAL,1.0,5
TYR,1.0,8
PHE,1.0,6
ASN,1.0,18
PHE,1.0,6
PHE,1.0,6
ALA,1.0,0
CYS,1.0,16
VAL,1.0,5
LEU,1.0,3
VAL,1.0,5
PRO,1.0,4
LEU,1.0,3
LEU,1.0,3
LEU,1.0,3
MET,1.0,17
LEU,1.0,3
GLY,1.0,1
VAL,1.0,5
TYR,1.0,8
LEU,1.0,3
ARG,1.0,11
ILE,1.0,2
PHE,1.0,6
LEU,1.0,3
ALA,1.0,0
ALA,1.0,0
ARG,1.0,11
ARG,1.0,11
GLN,1.0,19
LEU,1.0,3
LYS,1.0,13
GLN,1.0,19
MET,1.0,17
GLU,0.0,10
SER,0.0,14
GLN,0.0,19
PRO,0.0,4
LEU,0.0,3
PRO,0.0,4
GLY,0.0,1
GLU,0.0,10
ARG,0.0,11
ALA,0.0,0
ARG,0.0,11
SER,0.0,14
THR,1.0,15
LEU,1.0,3
GLN,1.0,19
LYS,1.0,13
GLU,1.0,10
VAL,1.0,5
HIS,1.0,12
ALA,1.0,0
ALA,1.0,0
LYS,1.0,13
SER,1.0,14
LEU,1.0,3
ALA,1.0,0
ILE,1.0,2
ILE,1.0,2
VAL,1.0,5
GLY,1.0,1
LEU,1.0,3
PHE,1.0,6
ALA,1.0,0
LEU,1.0,3
CYS,1.0,16
TRP,1.0,7
LEU,1.0,3
PRO,1.0,4
LEU,1.0,3
HIS,1.0,12
ILE,1.0,2
ILE,1.0,2
ASN,1.0,18
CYS,1.0,16
PHE,1.0,6
THR,1.0,15
PHE,1.0,6
PHE,1.0,6
CYS,1.0,16
PRO,0.0,4
ASP,0.0,9
CYS,0.0,16
SER,0.0,14
HIS,0.0,12
ALA,0.0,0
PRO,1.0,4
LEU,1.0,3
TRP,1.0,7
LEU,1.0,3
MET,1.0,17
TYR,1.0,8
LEU,1.0,3
ALA,1.0,0
ILE,1.0,2
VAL,1.0,5
LEU,1.0,3
SER,1.0,14
HIS,1.0,12
THR,1.0,15
ASN,1.0,18
SER,1.0,14
VAL,1.0,5
VAL,1.0,5
ASN,1.0,18
PRO,1.0,4
PHE,1.0,6
ILE,1.0,2
TYR,1.0,8
ALA,1.0,0
TYR,1.0,8
ARG,1.0,11
ILE,1.0,2
ARG,1.0,11
GLU,1.0,10
PHE,1.0,6
ARG,1.0,11
GLN,1.0,19
THR,1.0,15
PHE,1.0,6
ARG,1.0,11
LYS,1.0,13
ILE,1.0,2
ILE,1.0,2
ARG,1.0,11
SER,1.0,14
HIS,1.0,12
VAL,1.0,5
LEU,1.0,3
ARG,1.0,11
GLN,1.0,19
GLN,1.0,19
GLU,1.0,10
PRO,1.0,4
PHE,1.0,6
LYS,1.0,13
ALA,1.0,0
ALA,1.0,0
ALA,1.0,0
ALA,1.0,0
GLU,1.0,10
ASN,1.0,18
LEU,1.0,3
TYR,1.0,8
PHE,1.0,6
GLN,0.0,19
