acids,helix,acid_num
VAL,0.0,5
GLU,0.0,10
THR,0.0,15
PHE,0.0,6
ALA,0.0,0
PHE,0.0,6
GLN,1.0,19
ALA,1.0,0
GLU,1.0,10
ILE,1.0,2
ALA,1.0,0
GLN,1.0,19
LEU,1.0,3
MET,1.0,17
SER,1.0,14
LEU,1.0,3
ILE,1.0,2
ILE,1.0,2
ASN,1.0,18
THR,1.0,15
PHE,0.0,6
TYR,0.0,8
SER,0.0,14
ASN,0.0,18
LYS,0.0,13
GLU,1.0,10
ILE,1.0,2
PHE,1.0,6
LEU,1.0,3
ARG,1.0,11
GLU,1.0,10
LEU,1.0,3
ILE,1.0,2
SER,1.0,14
ASN,1.0,18
SER,1.0,14
SER,1.0,14
ASP,1.0,9
ALA,1.0,0
LEU,1.0,3
ASP,1.0,9
LYS,1.0,13
ILE,1.0,2
ARG,1.0,11
TYR,1.0,8
GLU,1.0,10
THR,1.0,15
LEU,1.0,3
THR,1.0,15
ASP,1.0,9
PRO,1.0,4
SER,1.0,14
LYS,1.0,13
LEU,1.0,3
ASP,1.0,9
SER,0.0,14
GLY,0.0,1
LYS,0.0,13
GLU,0.0,10
LEU,0.0,3
HIS,0.0,12
ILE,0.0,2
ASN,0.0,18
LEU,0.0,3
ILE,0.0,2
PRO,0.0,4
ASN,0.0,18
LYS,0.0,13
GLN,0.0,19
ASP,0.0,9
ARG,0.0,11
THR,0.0,15
LEU,0.0,3
THR,0.0,15
ILE,0.0,2
VAL,0.0,5
ASP,0.0,9
THR,0.0,15
GLY,0.0,1
ILE,0.0,2
GLY,0.0,1
MET,0.0,17
THR,1.0,15
LYS,1.0,13
ALA,1.0,0
ASP,1.0,9
LEU,1.0,3
ILE,1.0,2
ASN,1.0,18
ASN,1.0,18
LEU,1.0,3
GLY,1.0,1
THR,1.0,15
ILE,1.0,2
ALA,1.0,0
LYS,1.0,13
SER,1.0,14
GLY,1.0,1
THR,1.0,15
LYS,1.0,13
ALA,1.0,0
PHE,1.0,6
MET,1.0,17
GLU,1.0,10
ALA,1.0,0
LEU,1.0,3
GLN,1.0,19
ALA,0.0,0
GLY,0.0,1
ALA,0.0,0
ASP,1.0,9
ILE,1.0,2
SER,1.0,14
MET,1.0,17
ILE,1.0,2
GLY,1.0,1
GLN,1.0,19
PHE,1.0,6
GLY,1.0,1
VAL,1.0,5
GLY,1.0,1
PHE,1.0,6
TYR,1.0,8
SER,1.0,14
ALA,1.0,0
TYR,1.0,8
LEU,1.0,3
VAL,0.0,5
ALA,0.0,0
GLU,0.0,10
LYS,0.0,13
VAL,0.0,5
THR,0.0,15
VAL,0.0,5
ILE,0.0,2
THR,0.0,15
LYS,0.0,13
HIS,0.0,12
ASN,0.0,18
ASP,0.0,9
ASP,0.0,9
GLU,0.0,10
GLN,0.0,19
TYR,0.0,8
ALA,0.0,0
TRP,0.0,7
GLU,0.0,10
SER,0.0,14
SER,0.0,14
ALA,0.0,0
GLY,0.0,1
GLY,0.0,1
SER,0.0,14
PHE,0.0,6
THR,0.0,15
VAL,0.0,5
ARG,0.0,11
THR,0.0,15
ASP,0.0,9
THR,0.0,15
GLY,0.0,1
GLU,0.0,10
PRO,0.0,4
MET,0.0,17
GLY,0.0,1
ARG,0.0,11
GLY,0.0,1
THR,0.0,15
LYS,0.0,13
VAL,0.0,5
ILE,0.0,2
LEU,0.0,3
HIS,0.0,12
LEU,0.0,3
LYS,0.0,13
GLU,1.0,10
ASP,1.0,9
GLN,1.0,19
THR,1.0,15
GLU,1.0,10
TYR,1.0,8
LEU,1.0,3
GLU,1.0,10
GLU,1.0,10
ARG,1.0,11
ARG,1.0,11
ILE,1.0,2
LYS,1.0,13
GLU,1.0,10
ILE,1.0,2
VAL,1.0,5
LYS,1.0,13
LYS,1.0,13
HIS,1.0,12
SER,1.0,14
GLN,0.0,19
PHE,0.0,6
ILE,0.0,2
GLY,0.0,1
TYR,0.0,8
PRO,0.0,4
ILE,0.0,2
THR,0.0,15
LEU,0.0,3
PHE,0.0,6
VAL,0.0,5
GLU,0.0,10
