acids,helix,acid_num
GLY,0.0,1
SER,0.0,14
HIS,0.0,12
MET,0.0,17
ILE,0.0,2
LEU,0.0,3
ARG,0.0,11
PRO,0.0,4
SER,0.0,14
MET,0.0,17
LYS,0.0,13
LEU,0.0,3
VAL,0.0,5
LYS,0.0,13
PHE,0.0,6
ARG,0.0,11
LYS,0.0,13
GLY,0.0,1
ASP,0.0,9
SER,0.0,14
VAL,0.0,5
GLY,0.0,1
LEU,0.0,3
ARG,0.0,11
LEU,0.0,3
ALA,0.0,0
GLY,0.0,1
GLY,0.0,1
ASN,0.0,18
ASP,0.0,9
VAL,0.0,5
GLY,0.0,1
ILE,0.0,2
PHE,0.0,6
VAL,0.0,5
ALA,0.0,0
GLY,0.0,1
VAL,1.0,5
LEU,1.0,3
GLU,1.0,10
ASP,1.0,9
SER,1.0,14
PRO,1.0,4
ALA,0.0,0
ALA,0.0,0
LYS,0.0,13
GLU,0.0,10
GLY,0.0,1
LEU,0.0,3
GLU,0.0,10
GLU,0.0,10
GLY,0.0,1
ASP,0.0,9
GLN,0.0,19
ILE,0.0,2
LEU,0.0,3
ARG,0.0,11
VAL,0.0,5
ASN,0.0,18
ASN,0.0,18
VAL,0.0,5
ASP,0.0,9
PHE,1.0,6
THR,1.0,15
ASN,1.0,18
ILE,1.0,2
ILE,1.0,2
ARG,1.0,11
GLU,1.0,10
GLU,1.0,10
ALA,1.0,0
VAL,1.0,5
LEU,1.0,3
PHE,1.0,6
LEU,0.0,3
LEU,0.0,3
ASP,0.0,9
LEU,0.0,3
PRO,0.0,4
LYS,0.0,13
GLY,0.0,1
GLU,0.0,10
GLU,0.0,10
VAL,0.0,5
THR,0.0,15
ILE,0.0,2
LEU,1.0,3
ALA,1.0,0
GLN,1.0,19
LYS,1.0,13
LYS,1.0,13
LYS,1.0,13
ASP,1.0,9
VAL,1.0,5
TYR,1.0,8
ARG,0.0,11
ARG,0.0,11
ILE,0.0,2
VAL,0.0,5
GLU,0.0,10
SER,0.0,14
ASP,0.0,9
VAL,0.0,5
GLY,0.0,1
ASP,0.0,9
SER,0.0,14
PHE,0.0,6
TYR,0.0,8
ILE,0.0,2
ARG,0.0,11
THR,0.0,15
HIS,0.0,12
PHE,0.0,6
GLU,0.0,10
TYR,0.0,8
GLU,0.0,10
LYS,0.0,13
GLU,0.0,10
SER,0.0,14
PRO,0.0,4
TYR,0.0,8
GLY,0.0,1
LEU,0.0,3
SER,0.0,14
PHE,0.0,6
ASN,0.0,18
LYS,0.0,13
GLY,0.0,1
GLU,0.0,10
VAL,0.0,5
PHE,0.0,6
ARG,0.0,11
VAL,1.0,5
VAL,1.0,5
ASP,1.0,9
THR,1.0,15
LEU,1.0,3
TYR,0.0,8
ASN,0.0,18
GLY,0.0,1
LYS,0.0,13
LEU,0.0,3
GLY,0.0,1
SER,0.0,14
TRP,0.0,7
LEU,0.0,3
ALA,0.0,0
ILE,1.0,2
ARG,1.0,11
ILE,1.0,2
GLY,0.0,1
LYS,0.0,13
ASN,0.0,18
HIS,0.0,12
LYS,0.0,13
GLU,0.0,10
VAL,0.0,5
GLU,0.0,10
ARG,0.0,11
GLY,1.0,1
ILE,1.0,2
ILE,1.0,2
PRO,1.0,4
ASN,1.0,18
LYS,1.0,13
ASN,1.0,18
ARG,1.0,11
ALA,1.0,0
GLU,1.0,10
GLN,0.0,19
LEU,0.0,3
ALA,0.0,0
SER,0.0,14
VAL,0.0,5
GLN,0.0,19
TYR,0.0,8
THR,0.0,15
LEU,0.0,3
PRO,0.0,4
LYS,0.0,13
THR,0.0,15
ALA,0.0,0
GLY,0.0,1
GLY,0.0,1
ASP,0.0,9
ARG,0.0,11
ALA,0.0,0
ASP,0.0,9
PHE,0.0,6
TRP,0.0,7
ARG,0.0,11
PHE,0.0,6
ARG,0.0,11
GLY,0.0,1
LEU,0.0,3
ARG,0.0,11
SER,0.0,14
SER,0.0,14
LYS,0.0,13
ARG,0.0,11
ASN,0.0,18
LEU,0.0,3
ARG,0.0,11
LYS,0.0,13
SER,0.0,14
ARG,0.0,11
GLU,0.0,10
ASP,0.0,9
LEU,0.0,3
SER,0.0,14
ALA,0.0,0
GLN,0.0,19
PRO,0.0,4
VAL,0.0,5
GLN,0.0,19
THR,0.0,15
LYS,0.0,13
PHE,0.0,6
PRO,0.0,4
ALA,0.0,0
TYR,0.0,8
GLU,0.0,10
ARG,0.0,11
VAL,0.0,5
VAL,0.0,5
LEU,0.0,3
ARG,0.0,11
GLU,0.0,10
ALA,0.0,0
GLY,0.0,1
PHE,0.0,6
LEU,0.0,3
ARG,0.0,11
PRO,0.0,4
VAL,0.0,5
THR,0.0,15
ILE,1.0,2
PHE,1.0,6
GLY,1.0,1
PRO,1.0,4
ILE,1.0,2
ALA,1.0,0
ASP,1.0,9
VAL,1.0,5
ALA,1.0,0
ARG,1.0,11
GLU,1.0,10
LYS,1.0,13
LEU,1.0,3
ALA,0.0,0
ARG,0.0,11
GLU,0.0,10
GLU,0.0,10
PRO,0.0,4
ASP,0.0,9
ILE,0.0,2
TYR,0.0,8
GLN,0.0,19
ILE,0.0,2
ALA,0.0,0
LYS,0.0,13
SER,0.0,14
GLU,0.0,10
PRO,0.0,4
ARG,0.0,11
ASP,0.0,9
ALA,0.0,0
GLY,0.0,1
THR,0.0,15
ASP,0.0,9
GLN,0.0,19
ARG,0.0,11
SER,0.0,14
SER,1.0,14
GLY,1.0,1
ILE,1.0,2
ILE,1.0,2
ARG,1.0,11
LEU,1.0,3
HIS,1.0,12
THR,1.0,15
ILE,1.0,2
LYS,1.0,13
GLN,0.0,19
ILE,0.0,2
ILE,0.0,2
ASP,0.0,9
GLN,0.0,19
ASP,0.0,9
LYS,0.0,13
HIS,0.0,12
ALA,0.0,0
LEU,1.0,3
LEU,1.0,3
ASP,1.0,9
VAL,1.0,5
THR,1.0,15
PRO,1.0,4
ASN,1.0,18
ALA,1.0,0
VAL,1.0,5
ASP,1.0,9
ARG,1.0,11
LEU,0.0,3
ASN,0.0,18
TYR,0.0,8
ALA,0.0,0
GLN,0.0,19
TRP,0.0,7
TYR,0.0,8
PRO,0.0,4
ILE,0.0,2
VAL,0.0,5
VAL,0.0,5
PHE,0.0,6
LEU,1.0,3
ASN,1.0,18
PRO,1.0,4
ASP,1.0,9
SER,1.0,14
LYS,1.0,13
GLN,1.0,19
GLY,1.0,1
VAL,1.0,5
LYS,1.0,13
THR,1.0,15
MET,1.0,17
ARG,1.0,11
MET,0.0,17
ARG,0.0,11
LEU,0.0,3
CYS,0.0,16
PRO,0.0,4
GLU,1.0,10
SER,1.0,14
ARG,1.0,11
LYS,1.0,13
SER,1.0,14
ALA,1.0,0
ARG,1.0,11
LYS,1.0,13
LEU,1.0,3
TYR,1.0,8
GLU,1.0,10
ARG,1.0,11
SER,1.0,14
HIS,1.0,12
LYS,1.0,13
LEU,1.0,3
ARG,1.0,11
LYS,1.0,13
ASN,1.0,18
ASN,1.0,18
HIS,0.0,12
HIS,0.0,12
LEU,0.0,3
PHE,0.0,6
THR,0.0,15
THR,0.0,15
THR,0.0,15
ILE,0.0,2
ASN,0.0,18
LEU,0.0,3
ASN,1.0,18
SER,1.0,14
MET,1.0,17
ASN,1.0,18
ASP,1.0,9
GLY,1.0,1
TRP,1.0,7
TYR,1.0,8
GLY,1.0,1
ALA,1.0,0
LEU,1.0,3
LYS,1.0,13
GLU,1.0,10
ALA,1.0,0
ILE,1.0,2
GLN,1.0,19
GLN,1.0,19
GLN,0.0,19
GLN,0.0,19
ASN,0.0,18
GLN,0.0,19
LEU,0.0,3
VAL,0.0,5
TRP,0.0,7
VAL,0.0,5
SER,0.0,14
GLU,0.0,10
GLY,0.0,1
