acids,helix,acid_num
GLN,0.0,19
GLU,0.0,10
GLY,0.0,1
LEU,0.0,3
ASP,0.0,9
PHE,0.0,6
PRO,0.0,4
GLU,0.0,10
TYR,0.0,8
ASP,1.0,9
GLY,1.0,1
VAL,1.0,5
ASP,1.0,9
ARG,1.0,11
VAL,1.0,5
ILE,1.0,2
ASN,1.0,18
VAL,1.0,5
ASN,1.0,18
ALA,1.0,0
LYS,1.0,13
ASN,1.0,18
TYR,1.0,8
LYS,1.0,13
ASN,1.0,18
VAL,1.0,5
PHE,1.0,6
LYS,1.0,13
LYS,1.0,13
TYR,1.0,8
GLU,1.0,10
VAL,0.0,5
LEU,0.0,3
ALA,0.0,0
LEU,0.0,3
LEU,0.0,3
TYR,0.0,8
HIS,0.0,12
GLU,0.0,10
PRO,0.0,4
PRO,0.0,4
GLU,0.0,10
ASP,0.0,9
ASP,0.0,9
LYS,0.0,13
ALA,1.0,0
SER,1.0,14
GLN,1.0,19
ARG,1.0,11
GLN,1.0,19
PHE,1.0,6
GLU,1.0,10
MET,1.0,17
GLU,0.0,10
GLU,0.0,10
LEU,0.0,3
ILE,0.0,2
LEU,0.0,3
GLU,0.0,10
LEU,0.0,3
ALA,0.0,0
ALA,0.0,0
GLN,0.0,19
VAL,0.0,5
LEU,0.0,3
GLU,0.0,10
ASP,0.0,9
LYS,0.0,13
GLY,0.0,1
VAL,0.0,5
GLY,0.0,1
PHE,0.0,6
GLY,0.0,1
LEU,0.0,3
VAL,0.0,5
ASP,0.0,9
SER,1.0,14
GLU,1.0,10
LYS,1.0,13
ASP,1.0,9
ALA,1.0,0
ALA,1.0,0
VAL,1.0,5
ALA,1.0,0
LYS,1.0,13
LYS,1.0,13
LEU,1.0,3
GLY,1.0,1
LEU,1.0,3
THR,1.0,15
GLU,0.0,10
VAL,0.0,5
ASP,0.0,9
SER,0.0,14
MET,0.0,17
TYR,0.0,8
VAL,0.0,5
PHE,1.0,6
LYS,1.0,13
GLY,1.0,1
ASP,1.0,9
GLU,1.0,10
VAL,1.0,5
ILE,1.0,2
GLU,1.0,10
TYR,1.0,8
ASP,0.0,9
GLY,0.0,1
GLU,0.0,10
PHE,0.0,6
SER,0.0,14
ALA,0.0,0
ASP,0.0,9
THR,0.0,15
ILE,0.0,2
VAL,0.0,5
GLU,0.0,10
PHE,0.0,6
LEU,0.0,3
LEU,0.0,3
ASP,0.0,9
VAL,0.0,5
LEU,1.0,3
GLU,1.0,10
ASP,1.0,9
PRO,1.0,4
VAL,1.0,5
GLU,1.0,10
LEU,1.0,3
ILE,1.0,2
GLU,1.0,10
GLY,1.0,1
GLU,1.0,10
ARG,1.0,11
GLU,1.0,10
LEU,0.0,3
GLN,0.0,19
ALA,0.0,0
PHE,0.0,6
GLU,0.0,10
ASN,0.0,18
ILE,0.0,2
GLU,0.0,10
ASP,0.0,9
GLU,0.0,10
ILE,0.0,2
LYS,1.0,13
LEU,1.0,3
ILE,1.0,2
GLY,1.0,1
TYR,1.0,8
PHE,1.0,6
LYS,0.0,13
SER,0.0,14
LYS,0.0,13
ASP,0.0,9
SER,0.0,14
GLU,0.0,10
HIS,0.0,12
TYR,0.0,8
LYS,0.0,13
ALA,0.0,0
PHE,0.0,6
GLU,0.0,10
ASP,0.0,9
ALA,0.0,0
ALA,0.0,0
GLU,0.0,10
GLU,0.0,10
PHE,0.0,6
HIS,0.0,12
PRO,0.0,4
TYR,0.0,8
ILE,0.0,2
PRO,0.0,4
PHE,0.0,6
PHE,0.0,6
ALA,0.0,0
THR,0.0,15
PHE,1.0,6
ASP,1.0,9
SER,1.0,14
LYS,1.0,13
VAL,1.0,5
ALA,1.0,0
LYS,1.0,13
LYS,1.0,13
LEU,1.0,3
THR,1.0,15
LEU,1.0,3
LYS,1.0,13
LEU,1.0,3
ASN,0.0,18
GLU,0.0,10
ILE,0.0,2
ASP,0.0,9
PHE,0.0,6
TYR,0.0,8
GLU,0.0,10
ALA,1.0,0
PHE,1.0,6
MET,1.0,17
GLU,1.0,10
GLU,1.0,10
PRO,1.0,4
VAL,1.0,5
THR,1.0,15
ILE,1.0,2
PRO,1.0,4
GLY,1.0,1
LYS,0.0,13
PRO,0.0,4
ASN,0.0,18
SER,0.0,14
GLU,0.0,10
GLU,0.0,10
GLU,0.0,10
ILE,0.0,2
VAL,0.0,5
ASN,0.0,18
PHE,0.0,6
VAL,0.0,5
GLU,0.0,10
GLU,0.0,10
HIS,1.0,12
ARG,1.0,11
ARG,1.0,11
SER,1.0,14
THR,1.0,15
LEU,1.0,3
ARG,1.0,11
LYS,1.0,13
LEU,1.0,3
LYS,1.0,13
PRO,1.0,4
GLU,1.0,10
SER,1.0,14
MET,1.0,17
TYR,1.0,8
GLU,1.0,10
THR,1.0,15
TRP,1.0,7
GLU,0.0,10
ASP,0.0,9
ASP,0.0,9
MET,0.0,17
ASP,0.0,9
GLY,0.0,1
ILE,0.0,2
HIS,0.0,12
ILE,0.0,2
VAL,0.0,5
ALA,0.0,0
PHE,1.0,6
ALA,1.0,0
GLU,1.0,10
GLU,1.0,10
ALA,1.0,0
ASP,0.0,9
PRO,0.0,4
ASP,1.0,9
GLY,1.0,1
PHE,1.0,6
GLU,1.0,10
PHE,1.0,6
LEU,1.0,3
GLU,1.0,10
THR,1.0,15
LEU,1.0,3
LYS,1.0,13
ALA,0.0,0
VAL,0.0,5
ALA,0.0,0
GLN,0.0,19
ASP,0.0,9
ASN,0.0,18
THR,0.0,15
GLU,0.0,10
ASN,0.0,18
PRO,0.0,4
ASP,0.0,9
LEU,0.0,3
SER,0.0,14
ILE,0.0,2
ILE,0.0,2
TRP,0.0,7
ILE,0.0,2
ASP,0.0,9
PRO,0.0,4
ASP,0.0,9
ASP,0.0,9
PHE,0.0,6
PRO,0.0,4
LEU,0.0,3
LEU,0.0,3
VAL,0.0,5
PRO,0.0,4
TYR,0.0,8
TRP,0.0,7
GLU,0.0,10
LYS,1.0,13
THR,1.0,15
PHE,1.0,6
ASP,1.0,9
ILE,1.0,2
ASP,1.0,9
LEU,1.0,3
SER,1.0,14
ALA,1.0,0
PRO,1.0,4
GLN,0.0,19
ILE,0.0,2
GLY,0.0,1
VAL,0.0,5
VAL,0.0,5
ASN,0.0,18
VAL,0.0,5
THR,0.0,15
ASP,0.0,9
ALA,0.0,0
ASP,0.0,9
SER,0.0,14
VAL,0.0,5
TRP,0.0,7
MET,0.0,17
GLU,0.0,10
MET,0.0,17
ASP,0.0,9
ASP,0.0,9
GLU,0.0,10
GLU,0.0,10
ASP,0.0,9
LEU,0.0,3
PRO,0.0,4
SER,0.0,14
ALA,0.0,0
GLU,0.0,10
GLU,0.0,10
LEU,0.0,3
GLU,0.0,10
ASP,0.0,9
TRP,0.0,7
LEU,0.0,3
GLU,0.0,10
ASP,0.0,9
VAL,0.0,5
LEU,0.0,3
GLU,0.0,10
GLY,0.0,1
GLU,1.0,10
ILE,1.0,2
ASN,1.0,18
THR,1.0,15
GLU,1.0,10
ASP,1.0,9
ASP,1.0,9
ASP,0.0,9
ASP,0.0,9
ASP,0.0,9
ASP,0.0,9
ASP,0.0,9
ASP,0.0,9
