acids,helix,acid_num
GLY,0.0,1
SER,0.0,14
MET,0.0,17
GLN,0.0,19
ILE,0.0,2
PHE,0.0,6
VAL,0.0,5
LYS,0.0,13
THR,0.0,15
LEU,0.0,3
THR,0.0,15
GLY,0.0,1
LYS,0.0,13
THR,0.0,15
ILE,0.0,2
THR,0.0,15
LEU,0.0,3
GLU,0.0,10
VAL,0.0,5
GLU,0.0,10
PRO,0.0,4
SER,0.0,14
ASP,0.0,9
THR,1.0,15
ILE,1.0,2
GLU,1.0,10
ASN,1.0,18
VAL,1.0,5
LYS,1.0,13
ALA,1.0,0
LYS,1.0,13
ILE,1.0,2
GLN,1.0,19
ASP,1.0,9
LYS,1.0,13
GLU,1.0,10
GLY,0.0,1
ILE,0.0,2
PRO,0.0,4
PRO,0.0,4
ASP,0.0,9
GLN,0.0,19
GLN,0.0,19
ARG,0.0,11
LEU,0.0,3
ILE,0.0,2
PHE,0.0,6
ALA,0.0,0
GLY,0.0,1
LYS,0.0,13
GLN,0.0,19
LEU,0.0,3
GLU,0.0,10
