acids,helix,acid_num
MET,1.0,17
GLU,1.0,10
MET,1.0,17
GLU,1.0,10
LYS,1.0,13
GLU,1.0,10
PHE,1.0,6
GLU,1.0,10
GLN,1.0,19
ILE,1.0,2
ASP,1.0,9
LYS,1.0,13
SER,1.0,14
GLY,0.0,1
SER,1.0,14
TRP,1.0,7
ALA,1.0,0
ALA,1.0,0
ILE,1.0,2
TYR,1.0,8
GLN,1.0,19
ASP,1.0,9
ILE,1.0,2
ARG,1.0,11
HIS,1.0,12
GLU,1.0,10
ALA,1.0,0
SER,0.0,14
ASP,0.0,9
PHE,0.0,6
PRO,0.0,4
CYS,1.0,16
ARG,1.0,11
VAL,1.0,5
ALA,1.0,0
LYS,1.0,13
LEU,1.0,3
PRO,1.0,4
LYS,1.0,13
ASN,1.0,18
LYS,1.0,13
ASN,1.0,18
ARG,1.0,11
ASN,1.0,18
ARG,0.0,11
TYR,0.0,8
ARG,0.0,11
ASP,0.0,9
VAL,0.0,5
SER,0.0,14
PRO,0.0,4
PHE,0.0,6
ASP,0.0,9
HIS,0.0,12
SER,0.0,14
ARG,0.0,11
ILE,0.0,2
LYS,0.0,13
LEU,0.0,3
HIS,0.0,12
GLN,0.0,19
GLU,0.0,10
ASP,0.0,9
ASN,0.0,18
ASP,0.0,9
TYR,0.0,8
ILE,0.0,2
ASN,0.0,18
ALA,0.0,0
SER,0.0,14
LEU,0.0,3
ILE,0.0,2
LYS,0.0,13
MET,0.0,17
GLU,0.0,10
GLU,0.0,10
ALA,0.0,0
GLN,0.0,19
ARG,0.0,11
SER,0.0,14
TYR,0.0,8
ILE,0.0,2
LEU,0.0,3
THR,0.0,15
GLN,0.0,19
GLY,0.0,1
PRO,0.0,4
LEU,0.0,3
PRO,0.0,4
ASN,0.0,18
THR,1.0,15
CYS,1.0,16
GLY,1.0,1
HIS,1.0,12
PHE,1.0,6
TRP,1.0,7
GLU,1.0,10
MET,1.0,17
VAL,1.0,5
TRP,1.0,7
GLU,1.0,10
GLN,1.0,19
LYS,1.0,13
SER,0.0,14
ARG,0.0,11
GLY,0.0,1
VAL,0.0,5
VAL,0.0,5
MET,0.0,17
LEU,0.0,3
ASN,0.0,18
ARG,0.0,11
VAL,0.0,5
MET,0.0,17
GLU,0.0,10
LYS,0.0,13
GLY,0.0,1
SER,0.0,14
LEU,0.0,3
LYS,0.0,13
CYS,0.0,16
ALA,0.0,0
GLN,0.0,19
TYR,0.0,8
TRP,0.0,7
PRO,0.0,4
GLN,0.0,19
LYS,0.0,13
GLU,0.0,10
GLU,0.0,10
LYS,0.0,13
GLU,0.0,10
MET,0.0,17
ILE,0.0,2
PHE,0.0,6
GLU,0.0,10
ASP,0.0,9
THR,0.0,15
ASN,0.0,18
LEU,0.0,3
LYS,0.0,13
LEU,0.0,3
THR,0.0,15
LEU,0.0,3
ILE,0.0,2
SER,0.0,14
GLU,0.0,10
ASP,0.0,9
ILE,0.0,2
LYS,0.0,13
SER,0.0,14
TYR,0.0,8
TYR,0.0,8
THR,0.0,15
VAL,0.0,5
ARG,0.0,11
GLN,0.0,19
LEU,0.0,3
GLU,0.0,10
LEU,0.0,3
GLU,0.0,10
ASN,0.0,18
LEU,0.0,3
THR,0.0,15
THR,0.0,15
GLN,0.0,19
GLU,0.0,10
THR,0.0,15
ARG,0.0,11
GLU,0.0,10
ILE,0.0,2
LEU,0.0,3
HIS,0.0,12
PHE,0.0,6
HIS,0.0,12
TYR,0.0,8
THR,0.0,15
THR,0.0,15
TRP,0.0,7
PRO,0.0,4
ASP,0.0,9
PHE,0.0,6
GLY,0.0,1
VAL,0.0,5
PRO,0.0,4
GLU,0.0,10
SER,0.0,14
PRO,1.0,4
ALA,1.0,0
SER,1.0,14
PHE,1.0,6
LEU,1.0,3
ASN,1.0,18
PHE,1.0,6
LEU,1.0,3
PHE,1.0,6
LYS,1.0,13
VAL,1.0,5
ARG,1.0,11
GLU,1.0,10
SER,1.0,14
GLY,0.0,1
SER,0.0,14
LEU,0.0,3
SER,0.0,14
PRO,0.0,4
GLU,0.0,10
HIS,0.0,12
GLY,0.0,1
PRO,0.0,4
VAL,0.0,5
VAL,0.0,5
VAL,0.0,5
HIS,0.0,12
CYS,0.0,16
SER,0.0,14
ALA,0.0,0
GLY,0.0,1
ILE,0.0,2
GLY,1.0,1
ARG,1.0,11
SER,1.0,14
GLY,1.0,1
THR,1.0,15
PHE,1.0,6
CYS,1.0,16
LEU,1.0,3
ALA,1.0,0
ASP,1.0,9
THR,1.0,15
CYS,1.0,16
LEU,1.0,3
LEU,1.0,3
LEU,1.0,3
MET,1.0,17
ASP,1.0,9
LYS,1.0,13
ARG,1.0,11
LYS,0.0,13
ASP,1.0,9
PRO,1.0,4
SER,1.0,14
SER,1.0,14
VAL,1.0,5
ASP,1.0,9
ILE,1.0,2
LYS,1.0,13
LYS,1.0,13
VAL,1.0,5
LEU,1.0,3
LEU,1.0,3
GLU,1.0,10
MET,1.0,17
ARG,1.0,11
LYS,0.0,13
PHE,0.0,6
ARG,0.0,11
MET,0.0,17
GLY,0.0,1
LEU,0.0,3
ILE,0.0,2
GLN,0.0,19
THR,1.0,15
ALA,1.0,0
ASP,1.0,9
GLN,1.0,19
LEU,1.0,3
ARG,1.0,11
PHE,1.0,6
SER,1.0,14
TYR,1.0,8
LEU,1.0,3
ALA,1.0,0
VAL,1.0,5
ILE,1.0,2
GLU,1.0,10
GLY,1.0,1
ALA,1.0,0
LYS,1.0,13
PHE,1.0,6
ILE,1.0,2
MET,1.0,17
GLY,0.0,1
ASP,0.0,9
SER,0.0,14
SER,1.0,14
VAL,1.0,5
GLN,1.0,19
ASP,1.0,9
GLN,1.0,19
TRP,1.0,7
LYS,1.0,13
GLU,1.0,10
LEU,1.0,3
SER,1.0,14
HIS,0.0,12
GLU,0.0,10
ASP,0.0,9
LEU,0.0,3
