acids,helix,acid_num
ALA,0.0,0
TRP,0.0,7
GLN,0.0,19
ALA,0.0,0
ARG,0.0,11
GLY,0.0,1
LEU,0.0,3
GLY,0.0,1
THR,0.0,15
ALA,0.0,0
ARG,0.0,11
LEU,0.0,3
GLN,0.0,19
LEU,0.0,3
VAL,0.0,5
GLU,0.0,10
PHE,0.0,6
SER,0.0,14
ALA,0.0,0
PHE,0.0,6
VAL,0.0,5
GLU,0.0,10
PRO,0.0,4
PRO,0.0,4
ASP,0.0,9
ALA,0.0,0
VAL,0.0,5
ASP,0.0,9
SER,0.0,14
TYR,0.0,8
GLN,0.0,19
ARG,0.0,11
HIS,0.0,12
LEU,0.0,3
PHE,0.0,6
VAL,0.0,5
HIS,0.0,12
ILE,0.0,2
SER,0.0,14
GLN,0.0,19
HIS,0.0,12
CYS,0.0,16
PRO,0.0,4
SER,0.0,14
PRO,0.0,4
GLY,0.0,1
ALA,0.0,0
PRO,0.0,4
PRO,0.0,4
LEU,0.0,3
GLU,0.0,10
SER,0.0,14
VAL,0.0,5
ASP,0.0,9
VAL,0.0,5
ARG,1.0,11
GLN,1.0,19
ILE,1.0,2
TYR,1.0,8
ASP,0.0,9
LYS,0.0,13
PHE,0.0,6
PRO,0.0,4
GLU,0.0,10
LYS,0.0,13
LYS,0.0,13
GLY,0.0,1
GLY,1.0,1
LEU,1.0,3
ARG,1.0,11
GLU,1.0,10
LEU,1.0,3
TYR,1.0,8
ASP,1.0,9
ARG,1.0,11
GLY,1.0,1
PRO,1.0,4
PRO,1.0,4
HIS,1.0,12
ALA,0.0,0
PHE,0.0,6
PHE,0.0,6
LEU,0.0,3
VAL,0.0,5
LYS,0.0,13
PHE,0.0,6
TRP,0.0,7
ALA,0.0,0
ASP,0.0,9
LEU,0.0,3
ASN,0.0,18
TRP,0.0,7
GLY,0.0,1
PRO,0.0,4
SER,0.0,14
GLY,0.0,1
GLU,0.0,10
GLU,0.0,10
ALA,0.0,0
GLY,0.0,1
ALA,0.0,0
GLY,0.0,1
GLY,0.0,1
SER,0.0,14
ILE,0.0,2
SER,0.0,14
SER,0.0,14
GLY,0.0,1
GLY,0.0,1
PHE,0.0,6
TYR,0.0,8
GLY,0.0,1
VAL,0.0,5
SER,0.0,14
SER,0.0,14
GLN,0.0,19
TYR,0.0,8
GLU,0.0,10
SER,0.0,14
LEU,0.0,3
GLU,0.0,10
HIS,0.0,12
MET,0.0,17
THR,0.0,15
LEU,0.0,3
THR,0.0,15
CYS,0.0,16
SER,0.0,14
SER,0.0,14
LYS,0.0,13
VAL,0.0,5
CYS,0.0,16
SER,0.0,14
PHE,0.0,6
GLY,0.0,1
LYS,0.0,13
GLN,0.0,19
VAL,0.0,5
VAL,0.0,5
GLU,0.0,10
LYS,0.0,13
VAL,0.0,5
GLU,0.0,10
THR,0.0,15
GLU,0.0,10
ARG,0.0,11
ALA,0.0,0
GLN,0.0,19
LEU,0.0,3
GLU,0.0,10
ASP,0.0,9
GLY,0.0,1
ARG,0.0,11
PHE,0.0,6
VAL,0.0,5
TYR,0.0,8
ARG,0.0,11
LEU,0.0,3
LEU,0.0,3
ARG,0.0,11
SER,0.0,14
PRO,0.0,4
MET,0.0,17
CYS,1.0,16
GLU,1.0,10
TYR,1.0,8
LEU,1.0,3
VAL,1.0,5
ASN,1.0,18
PHE,1.0,6
LEU,1.0,3
HIS,1.0,12
LYS,1.0,13
LEU,1.0,3
ARG,1.0,11
GLN,0.0,19
LEU,0.0,3
PRO,0.0,4
GLU,1.0,10
ARG,1.0,11
TYR,1.0,8
MET,1.0,17
MET,1.0,17
ASN,1.0,18
SER,1.0,14
VAL,1.0,5
LEU,1.0,3
GLU,1.0,10
ASN,0.0,18
PHE,0.0,6
THR,0.0,15
ILE,0.0,2
LEU,0.0,3
GLN,0.0,19
VAL,0.0,5
VAL,0.0,5
THR,0.0,15
ASN,0.0,18
ARG,0.0,11
ASP,0.0,9
THR,0.0,15
GLN,0.0,19
GLU,0.0,10
LEU,0.0,3
LEU,0.0,3
LEU,0.0,3
CYS,0.0,16
THR,0.0,15
ALA,0.0,0
TYR,0.0,8
VAL,0.0,5
PHE,0.0,6
GLU,0.0,10
VAL,0.0,5
SER,0.0,14
THR,0.0,15
SER,0.0,14
GLU,0.0,10
ARG,0.0,11
GLY,0.0,1
ALA,0.0,0
GLN,0.0,19
HIS,0.0,12
HIS,0.0,12
ILE,0.0,2
TYR,0.0,8
ARG,0.0,11
LEU,0.0,3
VAL,0.0,5
ARG,0.0,11
ASP,0.0,9
HIS,0.0,12
HIS,0.0,12
HIS,0.0,12
HIS,0.0,12
HIS,0.0,12
HIS,0.0,12
