acids,helix,acid_num
ASP,1.0,9
ALA,1.0,0
HIS,1.0,12
LYS,1.0,13
SER,1.0,14
GLU,1.0,10
VAL,1.0,5
ALA,0.0,0
HIS,0.0,12
ARG,0.0,11
PHE,1.0,6
LYS,1.0,13
ASP,1.0,9
LEU,1.0,3
GLY,1.0,1
GLU,1.0,10
GLU,1.0,10
ASN,1.0,18
PHE,1.0,6
LYS,1.0,13
ALA,1.0,0
LEU,1.0,3
VAL,1.0,5
LEU,1.0,3
ILE,1.0,2
ALA,1.0,0
PHE,1.0,6
ALA,1.0,0
GLN,1.0,19
TYR,1.0,8
LEU,1.0,3
GLN,1.0,19
GLN,0.0,19
CYS,0.0,16
PRO,0.0,4
PHE,0.0,6
GLU,0.0,10
ASP,0.0,9
HIS,0.0,12
VAL,0.0,5
LYS,1.0,13
LEU,1.0,3
VAL,1.0,5
ASN,1.0,18
GLU,1.0,10
VAL,1.0,5
THR,1.0,15
GLU,1.0,10
PHE,1.0,6
ALA,1.0,0
LYS,1.0,13
THR,0.0,15
CYS,0.0,16
VAL,0.0,5
ALA,0.0,0
ASP,0.0,9
GLU,0.0,10
SER,0.0,14
ALA,0.0,0
GLU,0.0,10
ASN,0.0,18
CYS,0.0,16
ASP,0.0,9
LYS,1.0,13
SER,1.0,14
LEU,1.0,3
HIS,1.0,12
THR,1.0,15
LEU,1.0,3
PHE,1.0,6
GLY,1.0,1
ASP,1.0,9
LYS,1.0,13
LEU,1.0,3
CYS,1.0,16
THR,1.0,15
VAL,1.0,5
ALA,1.0,0
THR,1.0,15
LEU,1.0,3
ARG,1.0,11
GLU,0.0,10
THR,0.0,15
TYR,0.0,8
GLY,0.0,1
GLU,0.0,10
MET,0.0,17
ALA,0.0,0
ASP,0.0,9
CYS,0.0,16
CYS,0.0,16
ALA,0.0,0
LYS,0.0,13
GLN,0.0,19
GLU,1.0,10
PRO,1.0,4
GLU,1.0,10
ARG,1.0,11
ASN,1.0,18
GLU,1.0,10
CYS,1.0,16
PHE,1.0,6
LEU,1.0,3
GLN,1.0,19
HIS,1.0,12
LYS,1.0,13
ASP,1.0,9
ASP,1.0,9
ASN,1.0,18
PRO,1.0,4
ASN,1.0,18
LEU,1.0,3
PRO,1.0,4
ARG,1.0,11
LEU,1.0,3
VAL,1.0,5
ARG,1.0,11
PRO,1.0,4
GLU,1.0,10
VAL,1.0,5
ASP,0.0,9
VAL,0.0,5
MET,0.0,17
CYS,0.0,16
THR,0.0,15
ALA,1.0,0
PHE,1.0,6
HIS,1.0,12
ASP,1.0,9
ASN,1.0,18
GLU,1.0,10
GLU,1.0,10
THR,1.0,15
PHE,1.0,6
LEU,1.0,3
LYS,1.0,13
LYS,1.0,13
TYR,1.0,8
LEU,1.0,3
TYR,1.0,8
GLU,1.0,10
ILE,1.0,2
ALA,1.0,0
ARG,1.0,11
ARG,1.0,11
HIS,0.0,12
PRO,0.0,4
TYR,0.0,8
PHE,1.0,6
TYR,1.0,8
ALA,1.0,0
PRO,1.0,4
GLU,1.0,10
LEU,1.0,3
LEU,1.0,3
PHE,1.0,6
PHE,1.0,6
ALA,1.0,0
LYS,1.0,13
ARG,1.0,11
TYR,1.0,8
LYS,1.0,13
ALA,1.0,0
ALA,1.0,0
PHE,1.0,6
THR,1.0,15
GLU,1.0,10
CYS,1.0,16
CYS,1.0,16
GLN,1.0,19
ALA,1.0,0
ALA,1.0,0
ASP,1.0,9
LYS,1.0,13
ALA,1.0,0
ALA,1.0,0
CYS,1.0,16
LEU,1.0,3
LEU,1.0,3
PRO,1.0,4
LYS,1.0,13
LEU,1.0,3
ASP,1.0,9
GLU,1.0,10
LEU,1.0,3
ARG,1.0,11
ASP,1.0,9
GLU,1.0,10
GLY,1.0,1
LYS,1.0,13
ALA,1.0,0
SER,1.0,14
SER,1.0,14
ALA,1.0,0
LYS,1.0,13
GLN,1.0,19
ARG,1.0,11
LEU,1.0,3
LYS,1.0,13
CYS,0.0,16
ALA,0.0,0
SER,0.0,14
LEU,1.0,3
GLN,1.0,19
LYS,1.0,13
PHE,1.0,6
GLY,1.0,1
GLU,1.0,10
ARG,1.0,11
ALA,1.0,0
PHE,1.0,6
LYS,1.0,13
ALA,1.0,0
TRP,1.0,7
ALA,1.0,0
VAL,1.0,5
ALA,1.0,0
ARG,1.0,11
LEU,1.0,3
SER,1.0,14
GLN,1.0,19
ARG,1.0,11
PHE,1.0,6
PRO,0.0,4
LYS,1.0,13
ALA,1.0,0
GLU,1.0,10
PHE,1.0,6
ALA,1.0,0
GLU,1.0,10
VAL,1.0,5
SER,1.0,14
LYS,1.0,13
LEU,1.0,3
VAL,1.0,5
THR,1.0,15
ASP,1.0,9
LEU,1.0,3
THR,1.0,15
LYS,1.0,13
VAL,1.0,5
HIS,1.0,12
THR,1.0,15
GLU,1.0,10
CYS,1.0,16
CYS,1.0,16
HIS,1.0,12
GLY,1.0,1
ASP,0.0,9
LEU,0.0,3
LEU,1.0,3
GLU,1.0,10
CYS,1.0,16
ALA,1.0,0
ASP,1.0,9
ASP,1.0,9
ARG,0.0,11
ALA,1.0,0
ASP,1.0,9
LEU,1.0,3
ALA,1.0,0
LYS,1.0,13
TYR,1.0,8
ILE,1.0,2
CYS,1.0,16
GLU,1.0,10
ASN,1.0,18
GLN,1.0,19
ASP,0.0,9
SER,0.0,14
ILE,0.0,2
SER,0.0,14
SER,0.0,14
LYS,0.0,13
LEU,0.0,3
LYS,0.0,13
GLU,0.0,10
CYS,0.0,16
CYS,0.0,16
GLU,0.0,10
LYS,1.0,13
PRO,1.0,4
LEU,1.0,3
LEU,1.0,3
GLU,1.0,10
LYS,1.0,13
SER,0.0,14
HIS,0.0,12
CYS,0.0,16
ILE,1.0,2
ALA,1.0,0
GLU,1.0,10
VAL,1.0,5
GLU,1.0,10
ASN,1.0,18
ASP,1.0,9
GLU,1.0,10
MET,1.0,17
PRO,1.0,4
ALA,1.0,0
ASP,1.0,9
LEU,1.0,3
PRO,1.0,4
SER,1.0,14
LEU,1.0,3
ALA,1.0,0
ALA,1.0,0
ASP,1.0,9
PHE,1.0,6
VAL,1.0,5
GLU,1.0,10
SER,1.0,14
LYS,1.0,13
ASP,0.0,9
VAL,0.0,5
CYS,0.0,16
LYS,0.0,13
ASN,1.0,18
TYR,1.0,8
ALA,1.0,0
GLU,1.0,10
ALA,1.0,0
LYS,1.0,13
ASP,1.0,9
VAL,1.0,5
PHE,1.0,6
LEU,1.0,3
GLY,1.0,1
MET,1.0,17
PHE,1.0,6
LEU,1.0,3
TYR,1.0,8
GLU,1.0,10
TYR,1.0,8
ALA,1.0,0
ARG,1.0,11
ARG,1.0,11
HIS,0.0,12
PRO,0.0,4
ASP,0.0,9
TYR,1.0,8
SER,1.0,14
VAL,1.0,5
VAL,1.0,5
LEU,1.0,3
LEU,1.0,3
LEU,0.0,3
ARG,1.0,11
LEU,1.0,3
ALA,1.0,0
LYS,1.0,13
THR,1.0,15
TYR,1.0,8
GLU,1.0,10
THR,1.0,15
THR,1.0,15
LEU,1.0,3
GLU,1.0,10
LYS,1.0,13
CYS,1.0,16
CYS,1.0,16
ALA,1.0,0
ALA,1.0,0
ALA,1.0,0
ASP,1.0,9
PRO,1.0,4
HIS,1.0,12
GLU,1.0,10
CYS,1.0,16
TYR,1.0,8
ALA,1.0,0
LYS,1.0,13
VAL,1.0,5
PHE,1.0,6
ASP,1.0,9
GLU,1.0,10
PHE,1.0,6
LYS,1.0,13
PRO,1.0,4
LEU,1.0,3
VAL,1.0,5
GLU,1.0,10
GLU,1.0,10
PRO,1.0,4
GLN,1.0,19
ASN,1.0,18
LEU,1.0,3
ILE,1.0,2
LYS,1.0,13
GLN,1.0,19
ASN,1.0,18
CYS,0.0,16
GLU,0.0,10
LEU,0.0,3
PHE,1.0,6
GLU,1.0,10
GLN,1.0,19
LEU,1.0,3
GLY,1.0,1
GLU,1.0,10
TYR,1.0,8
LYS,1.0,13
PHE,1.0,6
GLN,1.0,19
ASN,1.0,18
ALA,1.0,0
LEU,1.0,3
LEU,1.0,3
VAL,1.0,5
ARG,1.0,11
TYR,1.0,8
THR,1.0,15
LYS,1.0,13
LYS,1.0,13
VAL,0.0,5
PRO,0.0,4
GLN,1.0,19
VAL,1.0,5
SER,1.0,14
THR,1.0,15
PRO,1.0,4
THR,1.0,15
LEU,1.0,3
VAL,1.0,5
GLU,1.0,10
VAL,1.0,5
SER,1.0,14
ARG,1.0,11
ASN,1.0,18
LEU,1.0,3
GLY,1.0,1
LYS,1.0,13
VAL,1.0,5
GLY,1.0,1
SER,1.0,14
LYS,1.0,13
CYS,1.0,16
CYS,1.0,16
LYS,1.0,13
HIS,1.0,12
PRO,1.0,4
GLU,1.0,10
ALA,1.0,0
LYS,0.0,13
ARG,0.0,11
MET,1.0,17
PRO,1.0,4
CYS,1.0,16
ALA,1.0,0
GLU,1.0,10
ASP,1.0,9
TYR,1.0,8
LEU,1.0,3
SER,1.0,14
VAL,1.0,5
VAL,0.0,5
LEU,0.0,3
ASN,0.0,18
GLN,1.0,19
LEU,1.0,3
CYS,1.0,16
VAL,1.0,5
LEU,1.0,3
HIS,1.0,12
GLU,1.0,10
LYS,1.0,13
THR,1.0,15
PRO,0.0,4
VAL,0.0,5
SER,0.0,14
ASP,0.0,9
ARG,0.0,11
VAL,0.0,5
THR,0.0,15
LYS,0.0,13
CYS,0.0,16
CYS,0.0,16
THR,0.0,15
GLU,1.0,10
SER,1.0,14
LEU,1.0,3
VAL,1.0,5
ASN,1.0,18
ARG,1.0,11
ARG,0.0,11
PRO,0.0,4
CYS,1.0,16
PHE,1.0,6
SER,1.0,14
ALA,1.0,0
LEU,1.0,3
GLU,1.0,10
VAL,1.0,5
ASP,1.0,9
GLU,1.0,10
THR,1.0,15
TYR,1.0,8
VAL,1.0,5
PRO,1.0,4
LYS,1.0,13
GLU,1.0,10
PHE,1.0,6
ASN,1.0,18
ALA,1.0,0
GLU,1.0,10
THR,1.0,15
PHE,1.0,6
THR,1.0,15
PHE,1.0,6
HIS,1.0,12
ALA,1.0,0
ASP,1.0,9
ILE,0.0,2
CYS,0.0,16
THR,0.0,15
LEU,1.0,3
SER,1.0,14
GLU,1.0,10
LYS,1.0,13
GLU,1.0,10
ARG,1.0,11
GLN,1.0,19
ILE,1.0,2
LYS,1.0,13
LYS,1.0,13
GLN,1.0,19
THR,1.0,15
ALA,1.0,0
LEU,1.0,3
VAL,1.0,5
GLU,1.0,10
LEU,1.0,3
VAL,1.0,5
LYS,1.0,13
HIS,1.0,12
LYS,0.0,13
PRO,0.0,4
LYS,0.0,13
ALA,0.0,0
THR,0.0,15
LYS,0.0,13
GLU,1.0,10
GLN,1.0,19
LEU,1.0,3
LYS,1.0,13
ALA,1.0,0
VAL,1.0,5
MET,1.0,17
ASP,1.0,9
ASP,1.0,9
PHE,1.0,6
ALA,1.0,0
ALA,1.0,0
PHE,1.0,6
VAL,1.0,5
GLU,1.0,10
LYS,1.0,13
CYS,1.0,16
CYS,0.0,16
LYS,0.0,13
ALA,0.0,0
ASP,0.0,9
ASP,0.0,9
LYS,0.0,13
GLU,0.0,10
THR,1.0,15
CYS,1.0,16
PHE,1.0,6
ALA,1.0,0
GLU,1.0,10
GLU,1.0,10
GLY,1.0,1
LYS,1.0,13
LYS,1.0,13
LEU,1.0,3
VAL,1.0,5
ALA,1.0,0
ALA,1.0,0
SER,1.0,14
GLN,1.0,19
ALA,1.0,0
ALA,1.0,0
LEU,1.0,3
GLY,1.0,1
LEU,1.0,3
