acids,helix,acid_num
MET,0.0,17
GLY,1.0,1
LEU,1.0,3
LEU,1.0,3
THR,1.0,15
ILE,1.0,2
LEU,1.0,3
LYS,1.0,13
LYS,1.0,13
MET,1.0,17
LYS,0.0,13
GLN,0.0,19
LYS,0.0,13
GLU,0.0,10
ARG,0.0,11
GLU,0.0,10
LEU,0.0,3
ARG,0.0,11
LEU,0.0,3
LEU,0.0,3
MET,0.0,17
LEU,0.0,3
GLY,0.0,1
LEU,0.0,3
ASP,0.0,9
ASN,0.0,18
ALA,0.0,0
GLY,1.0,1
LYS,1.0,13
THR,1.0,15
THR,1.0,15
ILE,1.0,2
LEU,1.0,3
LYS,1.0,13
LYS,1.0,13
PHE,1.0,6
ASN,1.0,18
GLY,1.0,1
GLU,0.0,10
ASP,0.0,9
ILE,0.0,2
ASP,0.0,9
THR,0.0,15
ILE,0.0,2
SER,0.0,14
PRO,0.0,4
THR,0.0,15
LEU,0.0,3
GLY,0.0,1
PHE,0.0,6
ASN,0.0,18
ILE,0.0,2
LYS,0.0,13
THR,0.0,15
LEU,0.0,3
GLU,0.0,10
HIS,0.0,12
ARG,0.0,11
GLY,0.0,1
PHE,0.0,6
LYS,0.0,13
LEU,0.0,3
ASN,0.0,18
ILE,0.0,2
TRP,0.0,7
ASP,0.0,9
VAL,0.0,5
GLY,0.0,1
GLY,0.0,1
GLN,1.0,19
LYS,1.0,13
SER,1.0,14
LEU,1.0,3
ARG,1.0,11
SER,1.0,14
TYR,1.0,8
TRP,1.0,7
ARG,1.0,11
ASN,1.0,18
TYR,1.0,8
PHE,1.0,6
GLU,0.0,10
SER,0.0,14
THR,0.0,15
ASP,0.0,9
GLY,0.0,1
LEU,0.0,3
ILE,0.0,2
TRP,0.0,7
VAL,0.0,5
VAL,0.0,5
ASP,0.0,9
SER,0.0,14
ALA,0.0,0
ASP,1.0,9
ARG,1.0,11
GLN,1.0,19
ARG,1.0,11
MET,1.0,17
GLN,1.0,19
ASP,1.0,9
CYS,1.0,16
GLN,1.0,19
ARG,1.0,11
GLU,1.0,10
LEU,1.0,3
GLN,1.0,19
SER,1.0,14
LEU,1.0,3
LEU,1.0,3
VAL,1.0,5
GLU,1.0,10
GLU,1.0,10
ARG,1.0,11
LEU,1.0,3
ALA,1.0,0
GLY,0.0,1
ALA,0.0,0
THR,0.0,15
LEU,0.0,3
LEU,0.0,3
ILE,0.0,2
PHE,0.0,6
ALA,0.0,0
ASN,0.0,18
LYS,0.0,13
GLN,0.0,19
ASP,0.0,9
LEU,0.0,3
PRO,0.0,4
GLY,0.0,1
ALA,0.0,0
LEU,0.0,3
SER,1.0,14
SER,1.0,14
ASN,1.0,18
ALA,1.0,0
ILE,1.0,2
ARG,1.0,11
GLU,1.0,10
VAL,1.0,5
LEU,1.0,3
GLU,1.0,10
LEU,1.0,3
ASP,1.0,9
SER,1.0,14
ILE,1.0,2
ARG,0.0,11
SER,0.0,14
HIS,0.0,12
HIS,0.0,12
TRP,0.0,7
CYS,0.0,16
ILE,0.0,2
GLN,0.0,19
GLY,0.0,1
CYS,0.0,16
SER,0.0,14
ALA,0.0,0
VAL,0.0,5
THR,0.0,15
GLY,0.0,1
GLU,0.0,10
ASN,1.0,18
LEU,1.0,3
LEU,1.0,3
PRO,1.0,4
GLY,1.0,1
ILE,1.0,2
ASP,1.0,9
TRP,1.0,7
LEU,1.0,3
LEU,1.0,3
ASP,1.0,9
ASP,1.0,9
ILE,1.0,2
SER,1.0,14
SER,1.0,14
ARG,1.0,11
ILE,1.0,2
PHE,1.0,6
THR,1.0,15
ALA,1.0,0
ASP,1.0,9
LEU,1.0,3
GLU,1.0,10
HIS,1.0,12
HIS,1.0,12
HIS,1.0,12
HIS,1.0,12
HIS,0.0,12
HIS,0.0,12
