acids,helix,acid_num
ALA,0.0,0
SER,0.0,14
THR,0.0,15
LYS,0.0,13
ALA,0.0,0
GLN,0.0,19
PRO,0.0,4
THR,0.0,15
GLU,0.0,10
VAL,0.0,5
SER,0.0,14
SER,0.0,14
ILE,0.0,2
LEU,0.0,3
GLU,0.0,10
GLU,0.0,10
ARG,0.0,11
ILE,0.0,2
LYS,0.0,13
GLY,0.0,1
VAL,0.0,5
SER,0.0,14
ASP,0.0,9
GLU,0.0,10
ALA,0.0,0
ASN,0.0,18
LEU,0.0,3
ASN,0.0,18
GLU,0.0,10
THR,0.0,15
GLY,0.0,1
ARG,0.0,11
VAL,0.0,5
LEU,0.0,3
ALA,0.0,0
VAL,0.0,5
GLY,0.0,1
ASP,0.0,9
GLY,0.0,1
ILE,0.0,2
ALA,0.0,0
ARG,0.0,11
VAL,0.0,5
PHE,0.0,6
GLY,0.0,1
LEU,0.0,3
ASN,0.0,18
ASN,0.0,18
ILE,0.0,2
GLN,0.0,19
ALA,0.0,0
GLU,0.0,10
GLU,0.0,10
LEU,0.0,3
VAL,0.0,5
GLU,0.0,10
PHE,0.0,6
SER,0.0,14
SER,0.0,14
GLY,0.0,1
VAL,0.0,5
LYS,0.0,13
GLY,0.0,1
MET,0.0,17
ALA,0.0,0
LEU,0.0,3
ASN,0.0,18
LEU,0.0,3
GLU,0.0,10
PRO,0.0,4
GLY,0.0,1
GLN,0.0,19
VAL,0.0,5
GLY,0.0,1
ILE,0.0,2
VAL,0.0,5
LEU,0.0,3
PHE,0.0,6
GLY,0.0,1
SER,0.0,14
ASP,0.0,9
ARG,0.0,11
LEU,0.0,3
VAL,0.0,5
LYS,0.0,13
GLU,0.0,10
GLY,0.0,1
GLU,0.0,10
LEU,0.0,3
VAL,0.0,5
LYS,0.0,13
ARG,0.0,11
THR,0.0,15
GLY,0.0,1
ASN,0.0,18
ILE,0.0,2
VAL,0.0,5
ASP,0.0,9
VAL,0.0,5
PRO,0.0,4
VAL,0.0,5
GLY,0.0,1
PRO,0.0,4
GLY,0.0,1
LEU,0.0,3
LEU,0.0,3
GLY,0.0,1
ARG,0.0,11
VAL,0.0,5
VAL,0.0,5
ASP,0.0,9
ALA,0.0,0
LEU,0.0,3
GLY,0.0,1
ASN,0.0,18
PRO,0.0,4
ILE,1.0,2
ASP,1.0,9
GLY,1.0,1
LYS,1.0,13
GLY,1.0,1
PRO,1.0,4
ILE,0.0,2
ASP,0.0,9
ALA,0.0,0
ALA,0.0,0
GLY,0.0,1
ARG,0.0,11
SER,0.0,14
ARG,0.0,11
ALA,0.0,0
GLN,0.0,19
VAL,0.0,5
LYS,0.0,13
ALA,0.0,0
PRO,0.0,4
GLY,0.0,1
ILE,0.0,2
LEU,0.0,3
PRO,0.0,4
ARG,0.0,11
ARG,1.0,11
SER,1.0,14
VAL,1.0,5
HIS,1.0,12
GLU,1.0,10
PRO,1.0,4
VAL,1.0,5
GLN,1.0,19
THR,1.0,15
GLY,1.0,1
LEU,1.0,3
LYS,0.0,13
ALA,0.0,0
VAL,0.0,5
ASP,0.0,9
ALA,0.0,0
LEU,0.0,3
VAL,0.0,5
PRO,0.0,4
ILE,0.0,2
GLY,0.0,1
ARG,0.0,11
GLY,0.0,1
GLN,0.0,19
ARG,0.0,11
GLU,0.0,10
LEU,0.0,3
ILE,0.0,2
ILE,0.0,2
GLY,0.0,1
ASP,0.0,9
ARG,0.0,11
GLN,0.0,19
THR,0.0,15
GLY,1.0,1
LYS,1.0,13
THR,1.0,15
ALA,1.0,0
VAL,1.0,5
ALA,1.0,0
LEU,1.0,3
ASP,1.0,9
THR,1.0,15
ILE,1.0,2
LEU,1.0,3
ASN,1.0,18
GLN,1.0,19
LYS,1.0,13
ARG,1.0,11
TRP,0.0,7
ASN,1.0,18
ASN,1.0,18
GLY,1.0,1
SER,0.0,14
ASP,0.0,9
GLU,0.0,10
SER,0.0,14
LYS,0.0,13
LYS,0.0,13
LEU,0.0,3
TYR,0.0,8
CYS,0.0,16
VAL,0.0,5
TYR,0.0,8
VAL,1.0,5
ALA,1.0,0
VAL,1.0,5
GLY,1.0,1
GLN,1.0,19
LYS,1.0,13
ARG,1.0,11
SER,1.0,14
THR,1.0,15
VAL,1.0,5
ALA,1.0,0
GLN,1.0,19
LEU,1.0,3
VAL,1.0,5
GLN,1.0,19
THR,1.0,15
LEU,1.0,3
GLU,1.0,10
GLN,1.0,19
HIS,1.0,12
ASP,1.0,9
ALA,1.0,0
MET,0.0,17
LYS,0.0,13
TYR,0.0,8
SER,0.0,14
ILE,0.0,2
ILE,0.0,2
VAL,0.0,5
ALA,0.0,0
ALA,0.0,0
THR,1.0,15
ALA,1.0,0
SER,1.0,14
GLU,1.0,10
ALA,1.0,0
ALA,1.0,0
PRO,1.0,4
LEU,1.0,3
GLN,1.0,19
TYR,1.0,8
LEU,1.0,3
ALA,1.0,0
PRO,1.0,4
PHE,1.0,6
THR,1.0,15
ALA,1.0,0
ALA,0.0,0
SER,0.0,14
ILE,0.0,2
GLY,0.0,1
GLU,0.0,10
TRP,1.0,7
PHE,1.0,6
ARG,1.0,11
ASP,0.0,9
ASN,0.0,18
GLY,0.0,1
LYS,1.0,13
HIS,1.0,12
ALA,1.0,0
LEU,1.0,3
ILE,1.0,2
VAL,1.0,5
TYR,1.0,8
ASP,1.0,9
ASP,1.0,9
LEU,1.0,3
SER,1.0,14
LYS,0.0,13
GLN,0.0,19
ALA,0.0,0
VAL,0.0,5
ALA,0.0,0
TYR,0.0,8
ARG,1.0,11
GLN,1.0,19
LEU,1.0,3
SER,0.0,14
LEU,0.0,3
LEU,0.0,3
LEU,0.0,3
ARG,0.0,11
ARG,0.0,11
PRO,0.0,4
PRO,0.0,4
GLY,0.0,1
ARG,0.0,11
GLU,0.0,10
ALA,0.0,0
TYR,0.0,8
PRO,0.0,4
GLY,0.0,1
ASP,0.0,9
VAL,0.0,5
PHE,0.0,6
TYR,0.0,8
LEU,1.0,3
HIS,1.0,12
SER,1.0,14
ARG,1.0,11
LEU,1.0,3
LEU,1.0,3
GLU,1.0,10
ARG,1.0,11
ALA,1.0,0
ALA,1.0,0
LYS,1.0,13
LEU,0.0,3
SER,0.0,14
GLU,0.0,10
LYS,0.0,13
GLU,0.0,10
GLY,0.0,1
SER,1.0,14
GLY,1.0,1
SER,1.0,14
LEU,1.0,3
THR,1.0,15
ALA,1.0,0
LEU,1.0,3
PRO,0.0,4
VAL,0.0,5
ILE,0.0,2
GLU,0.0,10
THR,0.0,15
GLN,0.0,19
GLY,0.0,1
GLY,0.0,1
ASP,0.0,9
VAL,0.0,5
SER,0.0,14
ALA,0.0,0
TYR,0.0,8
ILE,0.0,2
PRO,0.0,4
THR,1.0,15
ASN,1.0,18
VAL,1.0,5
ILE,1.0,2
SER,0.0,14
ILE,1.0,2
THR,1.0,15
ASP,1.0,9
GLY,1.0,1
GLN,1.0,19
ILE,1.0,2
PHE,0.0,6
LEU,0.0,3
GLU,0.0,10
ALA,1.0,0
GLU,1.0,10
LEU,1.0,3
PHE,1.0,6
TYR,1.0,8
LYS,1.0,13
GLY,1.0,1
ILE,1.0,2
ARG,1.0,11
PRO,1.0,4
ALA,1.0,0
ILE,1.0,2
ASN,0.0,18
VAL,1.0,5
GLY,1.0,1
LEU,1.0,3
SER,1.0,14
VAL,1.0,5
SER,0.0,14
ARG,0.0,11
VAL,0.0,5
GLY,0.0,1
SER,1.0,14
ALA,1.0,0
ALA,1.0,0
GLN,1.0,19
VAL,1.0,5
LYS,1.0,13
ALA,1.0,0
LEU,1.0,3
LYS,1.0,13
GLN,1.0,19
VAL,1.0,5
ALA,1.0,0
GLY,1.0,1
SER,1.0,14
LEU,1.0,3
LYS,1.0,13
LEU,1.0,3
PHE,1.0,6
LEU,1.0,3
ALA,0.0,0
GLN,0.0,19
TYR,0.0,8
ARG,0.0,11
GLU,0.0,10
VAL,0.0,5
ALA,0.0,0
ALA,1.0,0
PHE,1.0,6
ALA,1.0,0
GLN,1.0,19
PHE,1.0,6
GLY,1.0,1
SER,1.0,14
ASP,1.0,9
LEU,1.0,3
ASP,1.0,9
ALA,1.0,0
SER,1.0,14
THR,1.0,15
LYS,1.0,13
GLN,0.0,19
THR,0.0,15
LEU,0.0,3
VAL,0.0,5
ARG,0.0,11
GLY,0.0,1
GLU,0.0,10
ARG,0.0,11
LEU,0.0,3
THR,0.0,15
GLN,0.0,19
LEU,0.0,3
LEU,1.0,3
LYS,1.0,13
GLN,1.0,19
ASN,1.0,18
GLN,1.0,19
TYR,1.0,8
SER,1.0,14
PRO,1.0,4
LEU,1.0,3
ALA,1.0,0
THR,1.0,15
GLU,1.0,10
GLU,1.0,10
GLN,1.0,19
VAL,1.0,5
PRO,1.0,4
LEU,1.0,3
ILE,1.0,2
TYR,1.0,8
ALA,1.0,0
GLY,1.0,1
VAL,1.0,5
ASN,1.0,18
GLY,1.0,1
HIS,0.0,12
LEU,0.0,3
ASP,0.0,9
GLY,1.0,1
ILE,1.0,2
GLU,1.0,10
LEU,1.0,3
SER,1.0,14
ARG,1.0,11
ILE,1.0,2
GLY,1.0,1
GLU,1.0,10
PHE,1.0,6
GLU,1.0,10
SER,1.0,14
SER,1.0,14
PHE,1.0,6
LEU,1.0,3
SER,1.0,14
TYR,1.0,8
LEU,1.0,3
LYS,1.0,13
SER,0.0,14
ASN,0.0,18
HIS,0.0,12
ASN,0.0,18
GLU,0.0,10
LEU,0.0,3
LEU,0.0,3
THR,0.0,15
GLU,0.0,10
ILE,0.0,2
ARG,0.0,11
GLU,0.0,10
LYS,0.0,13
GLY,0.0,1
GLU,0.0,10
LEU,0.0,3
SER,0.0,14
LYS,0.0,13
GLU,0.0,10
LEU,0.0,3
LEU,0.0,3
ALA,0.0,0
SER,0.0,14
LEU,0.0,3
LYS,0.0,13
SER,0.0,14
ALA,0.0,0
THR,0.0,15
GLU,0.0,10
SER,0.0,14
PHE,0.0,6
VAL,0.0,5
ALA,0.0,0
THR,0.0,15
PHE,0.0,6
