acids,helix,acid_num
MET,0.0,17
THR,0.0,15
ASP,0.0,9
ARG,0.0,11
TYR,0.0,8
SER,0.0,14
PHE,0.0,6
SER,0.0,14
LEU,0.0,3
THR,0.0,15
THR,0.0,15
PHE,0.0,6
SER,0.0,14
PRO,0.0,4
SER,0.0,14
GLY,0.0,1
LYS,0.0,13
LEU,1.0,3
GLY,1.0,1
GLN,1.0,19
ILE,1.0,2
ASP,1.0,9
TYR,1.0,8
ALA,1.0,0
LEU,1.0,3
THR,1.0,15
ALA,1.0,0
VAL,1.0,5
LYS,1.0,13
GLN,1.0,19
GLY,1.0,1
VAL,0.0,5
THR,0.0,15
SER,0.0,14
LEU,0.0,3
GLY,0.0,1
ILE,0.0,2
LYS,0.0,13
ALA,0.0,0
THR,0.0,15
ASN,0.0,18
GLY,0.0,1
VAL,0.0,5
VAL,0.0,5
ILE,0.0,2
ALA,0.0,0
THR,0.0,15
GLU,0.0,10
LYS,0.0,13
LYS,0.0,13
SER,0.0,14
SER,0.0,14
SER,0.0,14
PRO,0.0,4
LEU,0.0,3
ALA,0.0,0
MET,0.0,17
SER,0.0,14
GLU,0.0,10
THR,0.0,15
LEU,0.0,3
SER,0.0,14
LYS,0.0,13
VAL,0.0,5
SER,0.0,14
LEU,0.0,3
LEU,0.0,3
THR,0.0,15
PRO,0.0,4
ASP,0.0,9
ILE,0.0,2
GLY,0.0,1
ALA,0.0,0
VAL,0.0,5
TYR,0.0,8
SER,0.0,14
GLY,0.0,1
MET,1.0,17
GLY,1.0,1
PRO,1.0,4
ASP,1.0,9
TYR,1.0,8
ARG,1.0,11
VAL,1.0,5
LEU,1.0,3
VAL,1.0,5
ASP,1.0,9
LYS,1.0,13
SER,1.0,14
ARG,1.0,11
LYS,1.0,13
VAL,1.0,5
ALA,1.0,0
HIS,1.0,12
THR,1.0,15
SER,1.0,14
TYR,1.0,8
LYS,1.0,13
ARG,1.0,11
ILE,1.0,2
TYR,1.0,8
GLY,1.0,1
GLU,0.0,10
TYR,0.0,8
PRO,0.0,4
PRO,1.0,4
THR,1.0,15
LYS,1.0,13
LEU,1.0,3
LEU,1.0,3
VAL,1.0,5
SER,1.0,14
GLU,1.0,10
VAL,1.0,5
ALA,1.0,0
LYS,1.0,13
ILE,1.0,2
MET,1.0,17
GLN,1.0,19
GLU,1.0,10
ALA,1.0,0
THR,1.0,15
GLN,1.0,19
SER,1.0,14
GLY,0.0,1
GLY,0.0,1
VAL,0.0,5
ARG,0.0,11
PRO,0.0,4
PHE,0.0,6
GLY,0.0,1
VAL,0.0,5
SER,0.0,14
LEU,0.0,3
LEU,0.0,3
ILE,0.0,2
ALA,0.0,0
GLY,0.0,1
HIS,0.0,12
ASP,0.0,9
GLU,0.0,10
PHE,0.0,6
ASN,0.0,18
GLY,0.0,1
PHE,0.0,6
SER,0.0,14
LEU,0.0,3
TYR,0.0,8
GLN,0.0,19
VAL,0.0,5
ASP,0.0,9
PRO,0.0,4
SER,0.0,14
GLY,0.0,1
SER,0.0,14
TYR,0.0,8
PHE,0.0,6
PRO,0.0,4
TRP,0.0,7
LYS,0.0,13
ALA,0.0,0
THR,0.0,15
ALA,0.0,0
ILE,0.0,2
GLY,0.0,1
LYS,0.0,13
GLY,1.0,1
SER,1.0,14
VAL,1.0,5
ALA,1.0,0
ALA,1.0,0
LYS,1.0,13
THR,1.0,15
PHE,1.0,6
LEU,1.0,3
GLU,1.0,10
LYS,1.0,13
ARG,1.0,11
TRP,1.0,7
ASN,0.0,18
ASP,0.0,9
GLU,0.0,10
LEU,0.0,3
GLU,1.0,10
LEU,1.0,3
GLU,1.0,10
ASP,1.0,9
ALA,1.0,0
ILE,1.0,2
HIS,1.0,12
ILE,1.0,2
ALA,1.0,0
LEU,1.0,3
LEU,1.0,3
THR,1.0,15
LEU,1.0,3
LYS,1.0,13
GLU,1.0,10
SER,1.0,14
VAL,1.0,5
GLU,0.0,10
GLY,0.0,1
GLU,0.0,10
PHE,0.0,6
ASN,0.0,18
GLY,0.0,1
ASP,0.0,9
THR,0.0,15
ILE,0.0,2
GLU,0.0,10
LEU,0.0,3
ALA,0.0,0
ILE,0.0,2
ILE,0.0,2
GLY,0.0,1
ASP,0.0,9
GLU,0.0,10
ASN,1.0,18
PRO,1.0,4
ASP,1.0,9
LEU,1.0,3
LEU,1.0,3
GLY,0.0,1
TYR,0.0,8
THR,0.0,15
GLY,0.0,1
ILE,0.0,2
PRO,0.0,4
THR,0.0,15
ASP,0.0,9
LYS,0.0,13
GLY,0.0,1
PRO,0.0,4
ARG,0.0,11
PHE,0.0,6
ARG,0.0,11
LYS,0.0,13
LEU,0.0,3
THR,1.0,15
SER,1.0,14
GLN,1.0,19
GLU,1.0,10
ILE,1.0,2
ASN,1.0,18
ASP,1.0,9
ARG,1.0,11
LEU,1.0,3
GLU,1.0,10
ALA,1.0,0
LEU,0.0,3
