acids,helix,acid_num
ASP,0.0,9
ILE,0.0,2
LYS,0.0,13
MET,0.0,17
THR,0.0,15
GLN,0.0,19
SER,0.0,14
PRO,0.0,4
SER,0.0,14
SER,0.0,14
MET,0.0,17
TYR,0.0,8
THR,0.0,15
SER,0.0,14
LEU,0.0,3
GLY,0.0,1
GLU,0.0,10
ARG,0.0,11
VAL,0.0,5
THR,0.0,15
ILE,0.0,2
THR,0.0,15
CYS,0.0,16
LYS,0.0,13
ALA,0.0,0
SER,0.0,14
GLN,0.0,19
ASP,0.0,9
ILE,0.0,2
ASN,0.0,18
SER,0.0,14
PHE,0.0,6
LEU,0.0,3
THR,0.0,15
TRP,0.0,7
PHE,0.0,6
LEU,0.0,3
GLN,0.0,19
LYS,0.0,13
PRO,0.0,4
GLY,0.0,1
LYS,0.0,13
SER,0.0,14
PRO,0.0,4
LYS,0.0,13
THR,0.0,15
LEU,0.0,3
ILE,0.0,2
TYR,0.0,8
ARG,0.0,11
ALA,0.0,0
ASN,0.0,18
ARG,0.0,11
LEU,0.0,3
MET,0.0,17
ILE,0.0,2
GLY,0.0,1
VAL,0.0,5
PRO,0.0,4
SER,0.0,14
ARG,0.0,11
PHE,0.0,6
SER,0.0,14
GLY,0.0,1
SER,0.0,14
GLY,0.0,1
SER,0.0,14
GLY,0.0,1
GLN,0.0,19
THR,0.0,15
TYR,0.0,8
SER,0.0,14
LEU,0.0,3
THR,0.0,15
ILE,0.0,2
SER,0.0,14
SER,0.0,14
LEU,0.0,3
GLU,1.0,10
TYR,1.0,8
GLU,1.0,10
ASP,1.0,9
MET,1.0,17
GLY,0.0,1
ILE,0.0,2
TYR,0.0,8
TYR,0.0,8
CYS,0.0,16
LEU,0.0,3
GLN,0.0,19
TYR,0.0,8
ASP,0.0,9
ASP,0.0,9
PHE,0.0,6
PRO,0.0,4
LEU,0.0,3
THR,0.0,15
PHE,0.0,6
GLY,0.0,1
ALA,0.0,0
GLY,0.0,1
THR,0.0,15
LYS,0.0,13
LEU,0.0,3
ASP,0.0,9
LEU,0.0,3
LYS,0.0,13
ARG,0.0,11
ALA,0.0,0
ASP,0.0,9
ALA,0.0,0
ALA,0.0,0
PRO,0.0,4
THR,0.0,15
VAL,0.0,5
SER,0.0,14
ILE,0.0,2
PHE,0.0,6
PRO,0.0,4
PRO,0.0,4
SER,1.0,14
SER,1.0,14
GLU,1.0,10
GLN,1.0,19
LEU,1.0,3
THR,1.0,15
SER,0.0,14
GLY,0.0,1
GLY,0.0,1
ALA,0.0,0
SER,0.0,14
VAL,0.0,5
VAL,0.0,5
CYS,0.0,16
PHE,0.0,6
LEU,0.0,3
ASN,0.0,18
ASN,0.0,18
PHE,0.0,6
TYR,0.0,8
PRO,0.0,4
LYS,0.0,13
GLU,0.0,10
ILE,0.0,2
ASN,0.0,18
VAL,0.0,5
LYS,0.0,13
TRP,0.0,7
LYS,0.0,13
ILE,0.0,2
ASP,0.0,9
GLY,0.0,1
SER,0.0,14
GLU,0.0,10
ARG,0.0,11
GLN,0.0,19
ASN,0.0,18
GLY,0.0,1
VAL,0.0,5
LEU,0.0,3
ASP,0.0,9
SER,0.0,14
TRP,0.0,7
THR,0.0,15
GLU,0.0,10
GLN,0.0,19
ASP,0.0,9
SER,0.0,14
LYS,0.0,13
ASP,0.0,9
SER,0.0,14
THR,0.0,15
TYR,0.0,8
SER,0.0,14
MET,0.0,17
SER,0.0,14
SER,0.0,14
THR,0.0,15
LEU,0.0,3
THR,0.0,15
LEU,0.0,3
THR,0.0,15
LYS,1.0,13
ASP,1.0,9
GLU,1.0,10
TYR,1.0,8
GLU,1.0,10
ARG,0.0,11
HIS,0.0,12
ASN,0.0,18
SER,0.0,14
TYR,0.0,8
THR,0.0,15
CYS,0.0,16
GLU,0.0,10
ALA,0.0,0
THR,0.0,15
HIS,0.0,12
LYS,0.0,13
THR,0.0,15
SER,0.0,14
THR,0.0,15
SER,0.0,14
PRO,0.0,4
ILE,0.0,2
VAL,0.0,5
LYS,0.0,13
SER,0.0,14
PHE,0.0,6
ASN,0.0,18
ARG,0.0,11
ASN,1.0,18
GLU,1.0,10
CYS,1.0,16
