acids,helix,acid_num
GLY,0.0,1
PRO,0.0,4
LEU,0.0,3
GLY,0.0,1
SER,0.0,14
MET,0.0,17
SER,0.0,14
ASP,0.0,9
ARG,0.0,11
LYS,0.0,13
ALA,0.0,0
VAL,0.0,5
ILE,0.0,2
LYS,1.0,13
ASN,1.0,18
ALA,1.0,0
ASP,1.0,9
MET,1.0,17
SER,1.0,14
GLU,1.0,10
ASP,1.0,9
MET,1.0,17
GLN,1.0,19
GLN,1.0,19
ASP,1.0,9
ALA,1.0,0
VAL,1.0,5
ASP,1.0,9
CYS,1.0,16
ALA,1.0,0
THR,1.0,15
GLN,1.0,19
ALA,0.0,0
MET,1.0,17
GLU,1.0,10
LYS,1.0,13
TYR,1.0,8
ASN,1.0,18
ILE,1.0,2
GLU,1.0,10
LYS,1.0,13
ASP,1.0,9
ILE,1.0,2
ALA,1.0,0
ALA,1.0,0
TYR,1.0,8
ILE,1.0,2
LYS,1.0,13
LYS,1.0,13
GLU,1.0,10
PHE,0.0,6
ASP,0.0,9
LYS,0.0,13
LYS,0.0,13
TYR,0.0,8
ASN,0.0,18
PRO,0.0,4
THR,0.0,15
TRP,0.0,7
HIS,0.0,12
CYS,0.0,16
ILE,0.0,2
VAL,0.0,5
GLY,0.0,1
ARG,0.0,11
ASN,0.0,18
PHE,0.0,6
GLY,0.0,1
SER,0.0,14
TYR,0.0,8
VAL,0.0,5
THR,0.0,15
HIS,0.0,12
GLU,0.0,10
THR,0.0,15
LYS,0.0,13
HIS,0.0,12
PHE,0.0,6
ILE,0.0,2
TYR,0.0,8
PHE,0.0,6
TYR,0.0,8
LEU,0.0,3
GLY,0.0,1
GLN,0.0,19
VAL,0.0,5
ALA,0.0,0
ILE,0.0,2
LEU,0.0,3
LEU,0.0,3
PHE,0.0,6
LYS,0.0,13
SER,0.0,14
GLY,0.0,1
